// AMD 1/2/02 to 10/15/02
1
0.988683641
0.905807955
0.793809286
0.668497254
0.552171742
0.454484939
0.357796638
0.245465136
0.135297054
0.049758695
0
0.005491762
0.030121484
0.047428857
0.056748211
0.088533866
0.104842736
0.138458978
0.196039274
0.232484606
0.241970378
0.245132302
0.276751539
0.290064903
0.323514728
0.339490764
0.335330338
0.339657181
0.319187885
0.328507239
0.360459311
0.414711266
0.448493926
0.482276585
0.553336662
0.608587119
0.670660676
0.696954568
0.729405891
0.753536362
0.741554335
0.713762689
0.659344317
0.633383258
0.57314029
0.481943751
0.414212015
0.377433849
0.378765186
0.367115993
0.365451822
0.355966051
0.364952571
0.369945082
0.366783159
0.378099517
0.399068065
0.407056083
0.383757697
0.356964553
0.357463804
0.38525545
0.38242636
0.366949576
0.345648194
0.337160925
0.319853553
0.302879015
0.285571643
0.269928441
0.237976369
0.180063238
0.142120153
0.142952238
0.150773839
0.168580463
0.190880346
0.222000333
0.250624064
0.291396239
0.353303378
0.422532867
0.495090697
0.535197204
0.579131303
0.61191546
0.636378765
0.649192877
0.658345815
0.664836079
0.643201864
0.604093859
0.571476119
0.529871859
0.491595939
0.45332002
0.415543352
0.37460476
0.335496755
0.285405225
0.249459145
0.229655517
0.218006324
0.234814445
0.247295723
0.228657014
0.202529539
0.192544517
0.209186221
0.222666001
0.250956898
0.277417208
0.312531203
0.315360293
0.289732069
0.296721584
0.352304876
0.408054585
0.442170078
0.47245798
0.494258612
0.50673989
0.504576469
0.506906307
0.543351639
0.57314029
0.563488101
0.535197204
0.504576469
0.490763854
0.455816276
0.428523881
0.409385921
0.401397903
0.375436845
0.350141454
0.325678149
0.325678149
0.338991513
0.355133966
0.382259943
0.42353137
0.45614911
0.475287069
0.508071226
0.552504576
0.612581128
0.680978532
0.726243967
0.758362456
0.780495923
0.776501914
0.774504909
0.773007156
0.766350474
0.743717757
0.702945582
0.6220669
0.544350141
0.468131137
0.393742719
0.340988517
0.302879015
0.27392245
0.246463638
0.226493593
0.201863871
0.196039274
0.205525046
0.20585788
0.223664503
0.229988351
0.216342153
0.202030288
0.190048261
0.183225162
0.180895324
// 0.185222167
// 0.185555001
// 0.169412548
// 0.149941754
// 0.130970211
// 0.127475453
// 0.129971709
// 0.127808288
// 0.120985189
// 0.121983691
// 0.132301548
// 0.126976202
// 0.162090198
// 0.220835414
// 0.308037943
// 0.383757697
// 0.458478948
// 0.536029289
// 0.615410218
// 0.684639707
// 0.735230488
