// Next Spread -- symmetric
1.001387604
1.002502844
1.000912201
1.002962625
1.003184713
1.002017033
1.001332741
1.000882807
1.004213795
1.002679169
1.002501706
1.000905592
1.000687128
1.006424966
1.001354402
1.001829408
1.002531063
1.001605136
1.001147315
1.004538235
1.002727273
1.000453104
1.001813237
1.004993191
1.001351351
1.002699663
1.000227946
1.001601464
1.004103967
1.000672646
1.00447828
1.0015681
1.002894034
1.003761894
1
1.004860804
1.015329125
1.000926999
1.018331375
1.007945782
1.007829181
1.009015421
1.000233372
1.01054358
1.008377938
1.00139958
1.004883721
1.001416096
1.002097902
1.001165773
1.005370068
1.00023116
1.001376778
1.000450248
1
1.000453309
1.001582636
1.0043379
1.007352941
1.000229568
1.003216173
1.00527644
1.000679348
1.001128923
1.003366248
1.000225023
1.000896057
1.001585863
1.000224417
1.004031355
1.001997337
1.005119074
1.004463289
1.008194906
1.001321586
1.003518804
1.003282276
1.002375297
1.00388182
1.0017208
1.000217581
1.000433934
1.001938819
1.00386349
1.000643363
1.003443082
1.005162401
1.003428327
1.001082485
1.000213812
1.000861698
1.002169197
1.0012906
1.003237643
1.000642261
1.000638162
1.002975558
1.000640615
1.002166378
1.001076426
1.007099828
1.002754821
1.003585741
1.003596361
1.002739726
1.004433186
1.003410787
1.000431779
1.000639932
1.005368263
1.004297379
1.001062699
1.008445946
1.001884422
1.002939324
1.001465662
1.000422922
1.002099076
1.000211461
1.004671905
1.001069061
1.000420875
1.00547138
1.002310924
1.001249219
1.000620989
1.001027538
1.000818666
1.00555327
1.002274137
1.003278017
1.001412429
1.000200441
1.00220662
1.005605606
1.004783735
1.00059654
1.003396603
1.007444668
1.004865194
1.006930289
1.001840867
1.004792665
1.008650875
1.00295421
1.000626305
1.001865285
1.000843526
1.001879699
1.00413993
1.013488276
1.010805085
1.008460237
1.00210084
1.00235647
1.00812651
1.018921892
1.003886849
1.001075731
1.007656316
1.002727654
1.003165893
1.002913025
1.005882353
1.006632435
1.005226845
1.010966274
1.001227747
1.002421308
1.001016673
1.012569545
1.008086253
1.006431535
1.001842752
1.007151614
1.007786885
1.004489796
1.005736529
1.004996003
1.002197363
1.004997002
1.002581414
1.003371678
1.005678481
1.005845674
1.000776096
1.000778059
1.000769231
1.003279321
1.001936108
1.007726483
1.000378788
1.002257761
1.000187336
1.005232667
1.004557539
1.001494489
1.006251184
1.014185739
1.004125258
1.000185977
1.005368098
1.01017524
1.00818757
1.002231728
1.019415646
1.004821064
1.003893215
1.003870254
1.006400878
1.007777778
1.010397326
1.004808581
1.008483954
1.003951825
1.019712202
1.001602564
1.013544018
1.012810406
1.0018
1.006824568
1.002392344
1.005231388
1.009100101
1.006489556
1.002608347
1.008574929
1.013410729
1.003900156
1.009864603
1.004306126
1.007724302
1.010459838
1.000969368
1.000573723
1.002484235
1.001522649
1.01812159
1.008766803
1.008025054
1.003741631
1.010255379
1
1.014835605
1.015324165
1.003085824
1.002110109
1.003248615
1.003277424
1.00484778
1.000976181
1
1.016261795
1
1.002075981
1.003623188
1.010331014
1.005447308
1.01360255
1.010555204
1.007793895
1.00412595
1.005064964
1.058837264
1.038551951
1.00408998
1.021376086
1.000681973
1.00518836
1.003615819
1.01139731
1.008198538
1.000219394
1.017659045
1.005724754
1.011339476
1.002087683
1.003899083
1.006126617
1.013007759
1.001563198
1.005488223
1.013235965
1.0110957
1.009558489
1.003446691
1.001146
1.005727377
1.00685401
1.003853128
1.010767468
1.000465875
1.006367925
1.001864367
1.000696217
1.00596374
1.001428231
1.014299564
1.00396918
1.011366327
1.006737918
1.023250182
1.018322083
1.004154166
1.002129673
1.004409376
1.00269179
1.003581822
1.005850585
1.007092199
1.003679007
1.016010979
1.00241281
1.004415986
1.003948234
1.006105539
1.007485689
1.001321295
1.000668151
1.011550422
1.001583352
1.003629764
1.012460353
1.00110205
1.026507621
1.001930502
1.006203209
1.007337074
1.000426894
1.001057753
1.00233298
1.001908802
1.00210084
1.000423639
1.009445585
1
1.002887193
1.000204374
1.004163197
1.007493755
1.001451981
1.000407415
1.003860219
1.000203625
1.002001201
1.00079984
1.003638569
1.00121778
1.002283105
1.003736766
1.002074689
1.004689093
1.000609137
1.003823707
1.001802885
1.003846154
1.003062474
1.00261254
1.008780682
1.002039568
1.010358401
1.00206441
1.007177539
1.006115563
1.005195345
1.00307377
1.005801906
1.001877738
1.009104076
1.004006748
1.004697843
1.004272591
1.018847719
1.001096491
1.003076247
1.008033921
1.003056101
1.006038917
1.009186646
1.001113586
1.000217581
1.001564246
1.01048873
1.013016158
1.004998864
1.002712477
1.005955007
1.01107665
1.009194887
1.017033841
1.001563198
1.004628609
1.006489147
1.000220946
1.004277353
1.002867225
1.009973404
1.001099868
1.000222866
1.010353365
1.000435445
1.006040992
1.000648789
1.000422833
1.000209468
1.001676446
1.003365587
1.001658031
1.002906977
1.005067568
1.007019783
1.007488233
1.005333902
1.006997455
1.0006453
1.000430756
1.004065911
1.010727312
1.016261925
1.00220022
1.005795809
1.008780037
1.013118527
1.000461361
1.009658422
1.014218009
1.008558871
1.024292453
1.014464802
1.012897062
1.022133798
1.052922781
1.003743566
1.007827789
1.005915701
1.009302326
1.029521211
1.020367611
1.002651113
1.001802266
1.006535948
1.013877551
1.026091889
1.008032129
1.021909233
1.023464032
1.0327654
1.04916986
1.029035013
1.009612496
1.006862745
1.018629618
1.014241486
1.016533987
1.003506535
1.003935717
1.080056677
1.011655811
1.034506797
1.001569366
1.028005035
1.014519617
1.002438281
1.019500305
1.006561288
1.015878057
1.011780105
1.025008015
1.009514436
1.015177066
1.003495281
1.022834117
1.017199017
1.006697215
1.002117149
1.012438749
1.017605634
1.020622422
1.010954064
1.010401722
1.011371468
1.021754386
1.013739324
1.025801696
1.015974441
1.011272727
1.022460263
1.013477089
1.002999
1.003354579
1.01394214
1.001684636
1.008916324
1.010247934
1
1.009103169
1
1.004108182
1.004817619
1.002059025
1.00274631
1.002769124
1.00101833
1.000336247
1.006487188
1.007414571
1.019524894
1.001974984
1.000325098
1.001330229
1.000338868
1.011647825
1.002100105
1.013745704
1.004095563
1.016809728
1.022089762
1.016613644
1.001384083
1.000343525
1.016712142
1.012341561
1.007437458
1.009728978
1.002040122
1.002343488
1.01458616
1.003598299
1.000637552
1.006389776
1.001318392
1.011725293
1.002952756
1.031875212
1.006502396
1.006155951
1.011239902
1.005542085
1.005384063
1.005941978
1.00664568
1.010545455
1.015117994
1.008258258
1.014650639
1.011098779
1.005281026
1.008049061
1.01981352
1.010245152
1.000721241
1.000348918
1.006610995
1.005307856
1.004108182
1.013804714
1.000336927
1.024674435
1.00848564
1.008572371
1.010830325
1.013225806
1.017161716
1.007651364
1.012692051
1.017874553
1.010390428
1.011253517
1.010964912
1.009866327
1.018779343
1.003045067
1.006118079
1.007129572
1.013888889
1.002110341
1.018343014
1.00373599
1.005846154
1.006404392
1.006946542
1.008078995
1.006264916
1.008064516
1.013258692
1.0002918
1.009019494
1.001428571
1.00770988
1.00685127
1.007600117
1.013021604
1.002037846
1.008920607
1.002422774
1.0014997
1.006892418
1.00234192
1.00377907
1.007642563
1.003863299
1.008721805
1.002882675
1.006078148
1.000572246
1.010740531
1.005526389
1.003027801
1.002202037
1.005988024
1.00629275
1.004635942
1.005683356
1.001359804
1.004090537
1.009641873
1.003899721
1.004219409
1.001674574
1.006420994
1.009210159
1.002850627
1.008571429
1.006504525
1.004706534
1.002749519
1.002743484
1.004947774
1.008589637
1.006218202
1.000282406
1.006081668
1.003745318
1.002884338
1.000859107
1.001125176
1.016797312
1.00462585
1.000267738
1.005324814
1.003955696
1.000785752
1.001040042
1.010529019
1.000508518
1.004082674
1.003814852
1.010421962
1
1.010646388
1.00476788
1.002247752
1.002265291
1.013712544
1.003522899
1.003293641
1.000764721
1.006019564
1.005517933
1.017197125
1.006237006
1.011926368
1.000509165
1.005784708
1.001737404
1.002236025
1.002234359
1.000248201
1.012376238
1.007473842
1.003509652
1.005374968
1.004840764
1.001771703
1.007928642
1.000736377
1.000486736
1.00072324
1.006545455
1.000720288
1.004544367
1.002599858
1.003065315
1.005687204
1.005637773
1.004220399
1.004004711
1.00694112
1.005515588
1
1.004026528
1.003562945
1.006876228
1.005136986
1.00558117
1.001193602
1.00594389
1.002135231
1.004001883
1.000940513
1.012447158
1.005357559
1.003729604
1.000935016
1.005785698
1.000231428
1.001857873
1.009697529
1.001623
1.001397624
1.003555345
1.005798502
1.000713267
1.000976563
1.005377658
1.006543868
1.01161384
1.005460589
1.007746479
1.001150483
1.007565337
1.000683371
1.002978236
1.004317201
1.00270636
1.003148898
1.006810443
1.005295878
1.010359116
1.000453309
1.003409866
1.028159181
1.002303617
1.007575758
1.003408316
1.003630588
1.012759171
1.000680426
1.005726065
1.000917431
1.004310345
1.005417607
1.006798097
1.003152443
1.003837472
1.004528986
1.007759014
1.005173189
1.003336299
1.00198983
1.001097454
1.002392344
1.000216357
1.001087429
1.001949318
1.012677596
1.000646691
1.000431034
1.001517122
1.00217061
1.001288937
1.006076389
1.003058104
1.001512532
1.00172451
1.002399128
1.007133593
1.00283101
1.003308337
1.00611413
1.001129688
1.001807093
1.006756757
1.008266361
1.002570694
1.001618123
1.004834254
1.007344503
1.002580948
1.001631321
1.011952191
1
1.00023245
1.009011091
1.007312614
1.004512635
1.000673552
1.002682763
1.004015168
1.000670991
1.005208333
1.010647938
1.000224266
1.004468275
1.003523453
1.002414929
1.000657895
1.007431694
1.000430663
1.00215378
1.000641163
1.002337442
1.003167899
1.002115954
1.003175275
1.001472444
1.000839102
1.001881664
1.004016913
1.001460768
1.001660785
1.008329863
1.004171011
1.005
1.003110097
1.003109453
1.004152824
1.002284053
1.002268041
1.001437962
1.002887193
1.00020517
1.000407914
1.001019992
1.005271695
1.000802085
1.003603604
1.003647416
1.005454545
1.006834171
1.009687185
1.000198807
1.000989707
1.00398327
1.005269558
1.00567146
1.000398327
1.004264825
1.012368208
1.010642738
1.006896552
1.007572479
1.044483594
1.010150137
1.005448449
1.004337947
1.007580543
1.00191775
1.008496177
1.003674881
1.019929141
1.01580394
1.000446229
1.022435897
1.006935123
1.022624434
1.001744059
1.003742021
1.005754759
1.002810811
1.02166302
1.005100909
1.001807093
1.007015162
1.01232314
1.010311589
1.009230769
1.005275885
1.002790897
1.00554371
1
1.012765957
1.004291845
1.001081315
1.00436205
1.003528115
1
1.015533543
1.003238492
1.003043784
1.001643578
1.014834
1.003286385
1.007961783
1.000452694
1.000897263
1.008715084
1.00198544
1.001979327
1.003521127
1.00293189
1.016363636
1.010605391
1.014112903
1.006819182
1.001302649
1.004306632
1.001078283
1.005863192
1.008382969
1.012660991
1.000643225
1.004519045
1.004923999
1.011010363
1.005132592
1.008137045
1.016775599
1.019537391
1.003788723
1.00494382
1.007142857
1.001987633
1.005962898
1.001562849
1.006233304
1.011598817
1.007152746
1.003403676
1.007349564
1.004787962
1.005301982
1.014726185
1.00178731
1.011047282
1.004146661
1.002844639
1.008864865
1.00107689
1.007725322
1.001271456
1.00253539
1.001888376
1.004171882
1.003750781
1.000614376
1.004113534
1.006615671
1.011300596
1.000604473
1.002429642
1.001623047
1.005477785
1.008355411
1.002864743
1.011344884
1.001209677
1.005687589
1.000404776
1.000603015
1.001609982
1.006385951
1.000593824
1.012296708
1.000194212
1.0094451
1.002754821
1.006251221
1.00019497
1.004066615
1.005035832
1.005216383
1.004215367
1
1.003641242
1.008234393
1.000947329
1.010939268
1.000558971
1.001679731
1.003907704
1.001309635
1.015309015
1.00527307
1.005141878
1.007123604
1.00058309
1.010852713
1.001336898
1.00401837
1.010311247
1.009794507
1.006441834
1.001328273
1.010540437
1.014782108
1.001504042
1.004299065
1.000185632
1.012070566
1.002598367
1.006102071
1.002955847
1.003853918
1.002578269
1.000551775
1.000923191
1.000733407
1.001834189
1.003848974
1.000364498
1.001825484
1.002931477
1.002373562
1.002743735
1
1.001282286
1.009364671
1.003615983
1.003085299
1.001076426
1.001788269
1.002152466
1.004101284
1.004807692
1.000707214
1.000353482
1.007601202
1.001749475
1.00426515
1.004990198
1.001975575
1.004984867
1.001415178
1.003167341
1.000174917
1.001435493
1.0075
1.002107852
1.001934916
1.000175285
1.001917044
1.000346921
1.001553331
1.006602954
1.002938634
1
1.002395619
1.002564103
1.00494965
1
1.01380977
1
1.002121641
1.005627858
1.003989592
1.004327506
1.000528076
1.009275464
1.000343348
1.004140072
1.00122549
1.003670687
1.01134953
1.005732712
1.005517978
1.030197657
1.008359077
1.01588181
1.010064044
1.015426997
