// CSCO 1/2/02 to 10/15/02
0.839444995
0.814667988
0.752824579
0.674529237
0.590089197
0.499702676
0.408325074
0.343508424
0.297125867
0.268780971
0.254707631
0.255104063
0.269772052
0.317740337
0.360356789
0.360951437
0.349653122
0.346878097
0.322299306
0.29851338
0.258870168
0.199801784
0.175421209
0.15024777
0.072150644
0.042418236
0.058870168
0.062438057
0.042418236
0.012685828
0
0.034291378
0.0703667
0.101684836
0.175024777
0.295143707
0.367294351
0.415460852
0.500891972
0.609712587
0.704658077
0.754212091
0.77086224
0.761942517
0.75024777
0.688404361
0.61308226
0.567492567
0.541922696
0.503666997
0.474132805
0.441625372
0.438057483
0.450346878
0.458473736
0.460852329
0.45827552
0.468186323
0.448562934
0.416650149
0.363131814
0.327056492
0.316551041
0.290981169
0.256491576
0.237264618
0.228939544
0.233696729
0.242814668
0.244400396
0.259266601
0.290584737
0.262239841
0.239048563
0.225371655
0.203766105
0.211298315
0.26382557
0.309018831
0.344499504
0.403171457
0.45629336
0.531417245
0.6432111
0.760356789
0.875520317
0.975817641
1
0.986323092
0.986124876
0.969672944
0.922695738
0.876114965
0.795044599
0.690188305
0.598810704
0.520911794
0.438057483
0.409117939
0.364519326
0.314172448
0.293557978
0.287215064
0.268780971
0.288007929
0.298909812
0.280475719
0.257879088
0.240237859
0.235480674
0.226759167
0.217443013
0.203369673
0.218632309
0.208721506
0.171258672
0.169672944
0.197423191
0.223389495
0.244598612
0.273736373
0.316551041
0.364519326
0.395441031
0.425768087
0.509415263
0.577799802
0.598612488
0.585530228
0.574231913
0.584142716
0.534588702
0.471555996
0.438057483
0.409910803
0.354608523
0.26580773
0.205153617
0.180971259
0.186124876
0.196828543
0.23666997
0.310802775
0.363528246
0.386521308
0.427948464
0.504658077
0.599801784
0.701288404
0.786124876
0.83666997
0.876313181
0.871159564
0.866798811
0.877700694
0.864618434
0.838453915
0.781169475
0.697720515
0.602180377
0.503072349
0.420019822
0.352824579
0.305450942
0.275123885
0.24876115
0.238453915
0.223984143
0.225966303
0.243409316
0.257086224
0.284638256
0.305847374
0.295738355
0.284836472
0.260455897
0.237859267
0.212091179
// 0.198017839
// 0.159960357
// 0.131813677
// 0.095143707
// 0.056888008
// 0.02061447
// 0.006144698
// 0.005946482
// 0.021209118
// 0.047571853
// 0.097125867
// 0.124083251
// 0.179781962
// 0.244003964
// 0.333002973
// 0.442021804
// 0.538354807
// 0.632309217
// 0.693359762
// 0.729435084
// 0.731417245
