// amd regression model genome
// 0.2314748555382775 0.7107351134308676 0.10308709525819904 0.016634278613277154 0.6880673549920765 0.6048533939480332 0.15984373338554936 0.040694376258283094 0.30426858415495917 0.5540244832140649 0.2866831627024943 0.9936331465794245 0.015525846513515074 0.6760529648301705 0.6460642144818389 0.8126882676856813 0.6467203100684216 
// 0.20980098948362114 0.208199412122699 0.5095970888851212 0.7318384485453894 0.6347416671403785 0.8672770790120783 0.776134652043053 0.19846910723275024 0.4939165647327681 0.14750896420608095 0.23367542551086806 0.841294855369835 0.725193858498494 0.3481971259956871 0.1431675879954435 0.013129846554531976 0.005155819073168533 
0.21406061265411225 0.7677496264917191 0.7029957132945702 0.5713336533739342 0.7873991939036525 0.18434590086180302 0.13490177597434516 0.09587492555592225 0.5524463183507644 0.47406021005456533 0.07868682459041032 0.5026241883616345 0.7341819095263763 0.6964392940875936 0.6335525400791964 0.808075537553708 0.6118215634759272 
// csco regression model genome
// 0.3617462235247031 0.5288381835010083 0.7147116287149003 0.5118784150130026 0.8827079433093444 0.5509798184808694 0.10671886140930298 0.4710025919460179 0.286531382295929 0.01656003023043129 0.0928823888117496 0.7203778098171404 0.2271402402998377 0.7871256729676407 0.12283329891867867 0.5864489881029399 0.15235129684286808 
// 0.011991983111368731 0.7115227065356751 0.2286149822530693 0.9902135567554463 0.2774185090657072 0.03309096223956687 0.3683493569694165 0.15976778921898638 0.250660802060224 0.045038623389539234 0.6393387994152381 0.5457560057473443 0.2876156514740774 0.9491106322795884 0.029194553296358117 0.5348868113349461 0.516988093464473 
0.21463305431705637 0.22458761806149252 0.7678886180751613 0.02715741167388397 0.3890865048710541 0.1978341287116956 0.26697099538807956 0.4013622170573382 0.7312114048663525 0.05319638909151847 0.34523290509475035 0.3356751518834997 0.13875935982530585 0.4131103503614816 0.11986210822145293 0.743098597686149 0.5590368041856585 
// msft regression model genome
// 0.3598014593234735 0.028762372353939303 0.5309212396544697 0.7312185562894113 0.2684187367488815 0.10839896665883897 0.7178848725801584 0.4083648443480473 0.5439122255945744 0.719973059576744 0.906895389086426 0.1595559282840593 0.22819813926642807 0.11222404831796395 0.35083617248854004 0.8077681914366027 0.10995040663855082 
// 0.27714517201842925 0.5029312409876734 0.7728066743714624 0.20483011159133657 0.2869730116811363 0.9856150456256813 0.5567464516507048 0.8398064787178923 0.6411711253476982 0.3104491699816043 0.18431344163945673 0.8388356846404467 0.16360479730494382 0.04091831983513361 0.48905827640222455 0.5550421034656531 0.04184481661168937 
0.48879320742644716 0.6987252985583037 0.7155226190714404 0.7691448424086978 0.620520746369059 0.006848584815614678 0.7685555780972132 0.2580739529751977 0.6469772287408782 0.5928325595891207 0.6671735348780176 0.5551585877276617 0.8085788449633077 0.32640346497624717 0.8872938259316185 0.4091525407719664 0.14909522661859054 
// intc regression model genome
// 0.7052263776925534 0.7696503198849574 0.681954522936526 0.7129874182804989 0.4925114716133734 0.5167836967502861 0.5879780998478082 0.6086952448637527 0.7996856174009193 0.18977624382166358 0.3239434676287608 0.7390367173164889 0.8942245584533752 0.3923075321468684 0.3313407175649167 0.029287944202564087 0.2862083461382664 
// 0.2694253382067152 0.706788767608458 0.49742068816759444 0.2128268916194338 0.2220180155262138 0.7236446458892415 0.7103101770572832 0.627525665005541 0.5120293170804947 0.48301958743914575 0.7935820581927254 0.16851285729376408 0.028529746154515867 0.17148193675943169 0.8128551052732894 0.3798821743853038 0.6645434348695937 
0.274572844927096 0.7821784292578489 0.4855479191716189 0.7034733811602109 0.21027678525531623 0.09900655768582056 0.2199441972301197 0.5947510602976175 0.8284867252949764 0.32909449452989503 0.7104293365403077 0.4306669085157536 0.3723115260121451 0.22324161731842274 0.02741360109580737 0.5790843839687863 0.5596163427795053 
// ibm regression model genome
// 0.20873343678036171 0.7319553776689961 0.6061574158220908 7.843351921603681E-4 0.07531148033154056 0.7970919370999026 0.27914853613556934 0.43119160472375684 0.6926211952759318 0.8567954890195096 0.471936721603744 0.5558884687836438 0.07502607861680999 0.9930433097831081 0.1488088766648562 0.9590673741321311 0.16841830258488066 
// 0.22095610003953658 0.007321947242745042 0.2774106758708976 0.20372460009006743 0.8226556634081359 0.7045251995282714 0.6115542633001613 0.07107403238347776 0.022283132668475036 0.007553157123030174 0.5181386990548105 0.5514333797926474 0.6853984560351256 0.3094055538591248 0.7778084360108429 0.34926912173645186 0.26505497913545306 
0.7226702342928728 0.6113218701875383 0.22107768646443704 0.21193171985367876 0.11957615001779764 0.27908772282166605 0.3624670696357538 0.3695909852530975 0.8107782713534432 0.18872967526243967 0.3095595726436894 0.10309562145146434 0.5601724607990529 0.5619015073791824 0.12516001501907048 0.024522251392593453 0.2412693552320656 
// spy regression model genome
// 0.2122617463866363 0.9029414076023526 0.7762842989045804 0.4247207659634741 0.8141736666203837 0.2317217387791064 0.023102939818560708 0.5577625044895056 0.6349427675247319 0.21041718358576522 0.8977568274983556 0.6899199666167921 0.22816334201623467 0.39583631035805517 0.5661014775355638 0.5910119781794598 0.13385951930506124 
// 0.21487880721488462 0.9163349676362142 0.013379420981261436 0.4278651522560717 0.3583364752256387 0.7240147853425077 0.2942166534912698 0.5485361507627169 0.14744072780856887 0.19062154323791514 0.5750358602145013 0.7883646843278397 0.7347280250729614 0.5272947965134182 0.7291811939853704 0.9119757592405021 0.11322545463218625 
0.42072143997789724 0.5126942488431739 0.7272246002244891 0.29702936087200593 0.07733119980894154 0.5304027092701504 0.6611355254418628 0.3345053260625027 0.3703082345929547 0.05665732325937489 0.22658275346220136 0.21795004681665997 0.691150393975208 0.17231674754300286 0.21354933719003388 0.14873863548142519 0.7289041173164778 
