4
// Lyapunov I30 small
// var 1
-1.1585517503183784
-0.29732555649032133
-0.88085204403327
-1.1773680679918028
-1.3156594484006123
-1.0324347039280666
-0.3771298063902366
-0.6036148556888932
-0.9675841680055646
-1.3407084427293505
-0.8055953236152443
-1.546506961567614
-1.493066694830096
-1.0343128794772305
-1.1638567453082103
-0.7364486862065178
// var 2
-1.1773680679918028
-0.88085204403327
-0.6036148556888932
-1.3156594484006123
-1.0324347039280666
-1.2834717738254595
-0.6603001951926225
-0.3771298063902366
-1.3407084427293505
-1.2886101529964389
-1.4600314553264582
-0.8055953236152443
-1.546506961567614
-0.9675841680055646
-1.0343128794772305
-1.493066694830096
// var 3
-0.29732555649032133
-1.1638567453082103
-1.0343128794772305
-0.88085204403327
-0.6036148556888932
-0.3771298063902366
-1.3407084427293505
-0.9675841680055646
-1.546506961567614
-0.8055953236152443
-1.806526296918229
-1.4559878591548734
-1.0238537447569473
-1.493066694830096
-0.7364486862065178
-1.635406819386226
// var 4
-0.88085204403327
-1.0343128794772305
-0.9675841680055646
-0.6036148556888932
-0.3771298063902366
-0.6603001951926225
-1.2886101529964389
-1.3407084427293505
-0.8055953236152443
-1.4600314553264582
-1.2010568274516258
-1.806526296918229
-1.4559878591548734
-1.546506961567614
-1.493066694830096
-1.0238537447569473
