4
// i302 Lyapunov small
// var1
-0.23243022028272317
-0.9621985718068877
-0.7986120369060095
-0.26897715181004855
-0.3337665622833467
-0.5229512976229532
-0.8086051571143282
-0.6708562583579302
-0.8792778451092828
-1.0704577459017555
-1.1763239844769402
-1.400929883122416
-1.4881576868752535
-0.9805836656864102
-0.9577873787219741
-1.1247321616610024
// var2
-0.26897715181004855
-0.7986120369060095
-0.6708562583579302
-0.3337665622833467
-0.5229512976229532
-0.3294771118926313
-0.7226746927729953
-0.8086051571143282
-1.0704577459017555
-0.9129857819739128
-1.3793308506910493
-1.1763239844769402
-1.400929883122416
-0.8792778451092828
-0.9805836656864102
-1.4881576868752535
// var3
-0.9621985718068877
-0.9577873787219741
-0.9805836656864102
-0.7986120369060095
-0.6708562583579302
-0.8086051571143282
-1.0704577459017555
-0.8792778451092828
-1.400929883122416
-1.1763239844769402
-1.3796945830179141
-1.5937802782023507
-1.4381196071628704
-1.4881576868752535
-1.1247321616610024
-1.3480303535321607
// var4
-0.7986120369060095
-0.9805836656864102
-0.8792778451092828
-0.6708562583579302
-0.8086051571143282
-0.7226746927729953
-0.9129857819739128
-1.0704577459017555
-1.1763239844769402
-1.3793308506910493
-1.4105910471883716
-1.3796945830179141
-1.5937802782023507
-1.400929883122416
-1.4881576868752535
-1.4381196071628704
