1
-0.038189533
1.006484484
0.885034014
1.113043478
1.149681529
0.92
1.367346939
0.633027523
1.13070366
0.776397516
0.316455696
0.943283582
0.815286624
0.912972085
0.705882353
1.126436782
0.854875283
0.940828402
0.755102041
0.783382789
0.838926174
0.943971986
0.948888889
0.754820937
0.608333333
1.34519573
1.184615385
1.056892779
0.698060942
1.164444444
1.308219178
0.575221239
0.871825877
1.034482759
0.5
0.936170213
1.050909091
0.932432432
1.298969072
2.982142857
0.698876404
1.267605634
0.880455408
1.046341463
0.447587354
0.789644013
1.131147541
-0.203883495
0.575609756
0.626984127
0.944827586
0.799242424
1.014084507
0.628742515
1.175843694
0.911136108
0.843220339
0.50148258
0.45971564
0.948635634
0.989705882
1.09478673
0.981412639
0.759581882
0.427745665
0.980392157
-0.134831461
1.149758454
0.992592593
0.960227273
0.574036511
0.948148148
0.982869379
0.52688172
1.098398169
0.570776256
0.997468354
1.346835443
0.991735537
1.057803468
0.813666916
0.028169014
0.535181237
0.530337079
0.936507937
0.701565558
1.206088993
1.053191489
0.98
1.320987654
0.67961165
0.208191126
0.201133144
1.283950617
0.099337748
1.24789916
0.95049505
0.025806452
0.737278107
1
