5
// AMD 1/2/02 to 10/15/02
2.671818182
2.61
2.157272727
1.545454545
0.860909091
0.225454545
-0.308181818
-0.836363636
-1.45
-2.051818182
-2.519090909
-2.790909091
-2.760909091
-2.626363636
-2.531818182
-2.480909091
-2.307272727
-2.218181818
-2.034545455
-1.72
-1.520909091
-1.469090909
-1.451818182
-1.279090909
-1.206363636
-1.023636364
-0.936363636
-0.959090909
-0.935454545
-1.047272727
-0.996363636
-0.821818182
-0.525454545
-0.340909091
-0.156363636
0.231818182
0.533636364
0.872727273
1.016363636
1.193636364
1.325454545
1.26
1.108181818
0.810909091
0.669090909
0.34
-0.158181818
-0.528181818
-0.729090909
-0.721818182
-0.785454545
-0.794545455
-0.846363636
-0.797272727
-0.77
-0.787272727
-0.725454545
-0.610909091
-0.567272727
-0.694545455
-0.840909091
-0.838181818
-0.686363636
-0.701818182
-0.786363636
-0.902727273
-0.949090909
-1.043636364
-1.136363636
-1.230909091
-1.316363636
-1.490909091
-1.807272727
-2.014545455
-2.01
-1.967272727
-1.87
-1.748181818
-1.578181818
-1.421818182
-1.199090909
-0.860909091
-0.482727273
-0.086363636
0.132727273
0.372727273
0.551818182
0.685454545
0.755454545
0.805454545
0.840909091
0.722727273
0.509090909
0.330909091
0.103636364
-0.105454545
-0.314545455
-0.520909091
-0.744545455
-0.958181818
-1.231818182
-1.428181818
-1.536363636
-1.6
-1.508181818
-1.44
-1.541818182
-1.684545455
-1.739090909
-1.648181818
-1.574545455
-1.42
-1.275454545
-1.083636364
-1.068181818
-1.208181818
-1.17
-0.866363636
-0.561818182
-0.375454545
-0.21
-0.090909091
-0.022727273
-0.034545455
-0.021818182
0.177272727
0.34
0.287272727
0.132727273
-0.034545455
-0.11
-0.300909091
-0.45
-0.554545455
-0.598181818
-0.74
-0.878181818
-1.011818182
-1.011818182
-0.939090909
-0.850909091
-0.702727273
-0.477272727
-0.299090909
-0.194545455
-0.015454545
0.227272727
0.555454545
0.929090909
1.176363636
1.351818182
1.472727273
1.450909091
1.44
1.431818182
1.395454545
1.271818182
1.049090909
0.607272727
0.182727273
-0.233636364
-0.64
-0.928181818
-1.136363636
-1.294545455
-1.444545455
-1.553636364
-1.688181818
-1.72
-1.668181818
-1.666363636
-1.569090909
-1.534545455
-1.609090909
-1.687272727
-1.752727273
-1.79
-1.802727273
-1.779090909
-1.777272727
-1.865454545
-1.971818182
-2.075454545
-2.094545455
-2.080909091
-2.092727273
-2.13
-2.124545455
-2.068181818
-2.097272727
-1.905454545
-1.584545455
-1.108181818
-0.694545455
-0.286363636
0.137272727
0.570909091
0.949090909
// 1.225454545
// CSCO 1/2/02 to 10/15/02
1.561818182
1.448181818
1.164545455
0.805454545
0.418181818
0.003636364
-0.415454545
-0.712727273
-0.925454545
-1.055454545
-1.12
-1.118181818
-1.050909091
-0.830909091
-0.635454545
-0.632727273
-0.684545455
-0.697272727
-0.81
-0.919090909
-1.100909091
-1.371818182
-1.483636364
-1.599090909
-1.957272727
-2.093636364
-2.018181818
-2.001818182
-2.093636364
-2.23
-2.288181818
-2.130909091
-1.965454545
-1.821818182
-1.485454545
-0.934545455
-0.603636364
-0.382727273
0.009090909
0.508181818
0.943636364
1.170909091
1.247272727
1.206363636
1.152727273
0.869090909
0.523636364
0.314545455
0.197272727
0.021818182
-0.113636364
-0.262727273
-0.279090909
-0.222727273
-0.185454545
-0.174545455
-0.186363636
-0.140909091
-0.230909091
-0.377272727
-0.622727273
-0.788181818
-0.836363636
-0.953636364
-1.111818182
-1.2
-1.238181818
-1.216363636
-1.174545455
-1.167272727
-1.099090909
-0.955454545
-1.085454545
-1.191818182
-1.254545455
-1.353636364
-1.319090909
-1.078181818
-0.870909091
-0.708181818
-0.439090909
-0.195454545
0.149090909
0.661818182
1.199090909
1.727272727
2.187272727
2.298181818
2.235454545
2.234545455
2.159090909
1.943636364
1.73
1.358181818
0.877272727
0.458181818
0.100909091
-0.279090909
-0.411818182
-0.616363636
-0.847272727
-0.941818182
-0.970909091
-1.055454545
-0.967272727
-0.917272727
-1.001818182
-1.105454545
-1.186363636
-1.208181818
-1.248181818
-1.290909091
-1.355454545
-1.285454545
-1.330909091
-1.502727273
-1.51
-1.382727273
-1.263636364
-1.166363636
-1.032727273
-0.836363636
-0.616363636
-0.474545455
-0.335454545
0.048181818
0.361818182
0.457272727
0.397272727
0.345454545
0.390909091
0.163636364
-0.125454545
-0.279090909
-0.408181818
-0.661818182
-1.069090909
-1.347272727
-1.458181818
-1.434545455
-1.385454545
-1.202727273
-0.862727273
-0.620909091
-0.515454545
-0.325454545
0.026363636
0.462727273
0.928181818
1.317272727
1.549090909
1.730909091
1.707272727
1.687272727
1.737272727
1.677272727
1.557272727
1.294545455
0.911818182
0.473636364
0.019090909
-0.361818182
-0.67
-0.887272727
-1.026363636
-1.147272727
-1.194545455
-1.260909091
-1.251818182
-1.171818182
-1.109090909
-0.982727273
-0.885454545
-0.931818182
-0.981818182
-1.093636364
-1.197272727
-1.315454545
-1.38
-1.554545455
-1.683636364
-1.851818182
-2.027272727
-2.193636364
-2.26
-2.260909091
-2.190909091
-2.07
-1.842727273
-1.719090909
-1.463636364
-1.169090909
-0.760909091
-0.260909091
0.180909091
0.611818182
0.891818182
1.057272727
// 1.066363636
// MSFT 1/2/02 to 10/15/02
0.872727273
1.106363636
0.855454545
0.536363636
-0.14
-0.680909091
-1.31
-1.890909091
-2.519090909
-3.182727273
-3.860909091
-4.590909091
-5.100909091
-5.147272727
-5.078181818
-5.001818182
-4.914545455
-4.660909091
-4.423636364
-3.958181818
-3.533636364
-3.376363636
-2.920909091
-2.581818182
-2.494545455
-2.355454545
-2.061818182
-2.01
-1.924545455
-2.042727273
-1.977272727
-1.513636364
-0.915454545
-0.377272727
0.160909091
0.916363636
1.559090909
2.064545455
2.636363636
3.057272727
3.475454545
3.398181818
3.041818182
2.343636364
1.880909091
1.138181818
0.131818182
-0.660909091
-1.265454545
-1.685454545
-2.139090909
-2.682727273
-3.113636364
-3.368181818
-3.546363636
-3.716363636
-3.794545455
-3.582727273
-3.690909091
-3.847272727
-4.190909091
-3.950909091
-3.481818182
-2.952727273
-2.5
-2.149090909
-1.935454545
-1.837272727
-1.680909091
-1.660909091
-1.576363636
-1.654545455
-2.055454545
-2.551818182
-3.239090909
-3.993636364
-4.256363636
-3.999090909
-3.847272727
-3.882727273
-3.439090909
-2.887272727
-2.200909091
-1.436363636
-0.379090909
0.805454545
1.686363636
1.980909091
2.049090909
2.487272727
2.585454545
2.287272727
1.857272727
1.236363636
0.223636364
-0.730909091
-1.269090909
-1.679090909
-1.820909091
-2.106363636
-2.375454545
-2.024545455
-1.623636364
-1.037272727
-0.029090909
1.118181818
1.73
1.978181818
2.168181818
2.548181818
2.622727273
2.471818182
2.218181818
2.024545455
1.355454545
0.372727273
-0.402727273
-0.58
-0.721818182
-0.835454545
-1.021818182
-1.167272727
-1.317272727
-1.644545455
-1.722727273
-1.397272727
-1.05
-1.301818182
-1.861818182
-2.847272727
-3.307272727
-4.159090909
-4.64
-4.684545455
-4.707272727
-4.944545455
-5.482727273
-5.884545455
-5.723636364
-4.99
-3.984545455
-2.885454545
-1.717272727
-1.105454545
-0.877272727
-0.433636364
0.297272727
1.292727273
2.489090909
3.297272727
3.527272727
3.841818182
3.661818182
3.74
4.063636364
4.128181818
4.044545455
3.595454545
2.634545455
1.649090909
0.581818182
-0.381818182
-1.094545455
-1.677272727
-2.212727273
-2.759090909
-2.971818182
-3.163636364
-3.055454545
-2.644545455
-2.27
-1.723636364
-1.547272727
-1.604545455
-1.582727273
-1.463636364
-1.502727273
-1.627272727
-1.605454545
-1.824545455
-2.000909091
-2.453636364
-2.528181818
-2.271818182
-2.123636364
-1.919090909
-1.503636364
-0.757272727
0.160909091
0.693636364
1.430909091
2.501818182
3.606363636
4.320909091
5.217272727
5.887272727
6.217272727
6.13
// 5.605454545
// INTC 1/2/02 to 10/15/02
// 2.187272727
// 2.185454545
// 1.82
// 1.246363636
// 0.662727273
// 0.178181818
// -0.213636364
// -0.485454545
// -0.852727273
// -1.163636364
// -1.336363636
// -1.388181818
// -1.252727273
// -0.851818182
// -0.484545455
// -0.280909091
// -0.19
// -0.133636364
// -0.05
// 0.102727273
// 0.022727273
// -0.314545455
// -0.567272727
// -0.827272727
// -1.330909091
// -1.626363636
// -1.681818182
// -1.899090909
// -2.147272727
// -2.612727273
// -2.783636364
// -2.669090909
// -2.329090909
// -1.950909091
// -1.418181818
// -0.683636364
// -0.212727273
// 0.193636364
// 0.648181818
// 1.148181818
// 1.656363636
// 1.85
// 1.800909091
// 1.456363636
// 1.174545455
// 0.530909091
// -0.201818182
// -0.621818182
// -0.976363636
// -1.159090909
// -1.430909091
// -1.644545455
// -1.791818182
// -1.697272727
// -1.599090909
// -1.515454545
// -1.33
// -1.156363636
// -1.088181818
// -1.187272727
// -1.414545455
// -1.41
// -1.195454545
// -1.04
// -1.040909091
// -0.906363636
// -0.748181818
// -0.64
// -0.489090909
// -0.38
// -0.202727273
// -0.006363636
// -0.141818182
// -0.446363636
// -0.755454545
// -1.149090909
// -1.469090909
// -1.560909091
// -1.606363636
// -1.720909091
// -1.652727273
// -1.506363636
// -1.278181818
// -0.831818182
// -0.175454545
// 0.547272727
// 1.201818182
// 1.565454545
// 1.663636364
// 1.890909091
// 1.976363636
// 1.670909091
// 1.274545455
// 0.841818182
// 0.161818182
// -0.504545455
// -0.986363636
// -1.487272727
// -2.214545455
// -3.009090909
// -3.898181818
// -4.4
// -4.711818182
// -5.031818182
// -5.114545455
// -5.196363636
// -5.687272727
// -6.311818182
// -6.373636364
// -5.86
// -5.342727273
// -4.873636364
// -4.58
// -4.28
// -4.16
// -4.286363636
// -4.000909091
// -3.238181818
// -2.553636364
// -2.380909091
// -2.36
// -2.22
// -2.01
// -1.709090909
// -1.360909091
// -0.643636364
// -0.017272727
// 0.114545455
// 0.065454545
// 0.072727273
// 0.369090909
// 0.436363636
// 0.452727273
// 0.491818182
// 0.47
// 0.336363636
// -0.072727273
// -0.38
// -0.515454545
// -0.555454545
// -0.630909091
// -0.720909091
// -0.646363636
// -0.753636364
// -0.939090909
// -1.04
// -0.885454545
// -0.551818182
// -0.05
// 0.333636364
// 0.565454545
// 0.724545455
// 0.651818182
// 0.701818182
// 0.869090909
// 0.943636364
// 0.855454545
// 0.570909091
// 0.058181818
// -0.527272727
// -1.101818182
// -1.538181818
// -1.779090909
// -1.939090909
// -2.044545455
// -2.191818182
// -2.160909091
// -2.115454545
// -1.952727273
// -1.700909091
// -1.452727273
// -1.165454545
// -1.076363636
// -1.099090909
// -1.077272727
// -1.076363636
// -1.100909091
// -1.164545455
// -1.158181818
// -1.220909091
// -1.249090909
// -1.345454545
// -1.253636364
// -1.178181818
// -1.142727273
// -1.101818182
// -0.997272727
// -0.759090909
// -0.426363636
// -0.413636364
// -0.289090909
// -0.117272727
// 0.139090909
// 0.34
// 0.687272727
// 0.977272727
// 1.19
// 1.290909091
// 1.17
// IBM 1/2/02 to 10/15/02
-0.371818182
-0.728181818
-1.892727273
-3.28
-4.93
-6.609090909
-8.054545455
-9.136363636
-10.21454545
-10.98272727
-11.65545455
-12.36454545
-12.7
-12.05
-10.93363636
-9.843636364
-8.8
-7.700909091
-6.270909091
-4.673636364
-3.464545455
-3.064545455
-2.482727273
-2.440909091
-2.990909091
-3.371818182
-3.542727273
-4.082727273
-4.807272727
-6.036363636
-6.708181818
-6.434545455
-5.572727273
-4.437272727
-3.135454545
-1.6
-0.472727273
1.167272727
2.947272727
4.512727273
5.76
6.243636364
6.135454545
5.665454545
5.309090909
4.689090909
3.932727273
2.792727273
1.416363636
0.33
-0.798181818
-1.631818182
-2.357272727
-2.946363636
-3.74
-5.672727273
-7.157272727
-8.267272727
-9.503636364
-10.83181818
-12.18727273
-13.17090909
-14.05727273
-14.45363636
-14.78
-13.86636364
-12.25
-11.04
-9.548181818
-7.883636364
-6.343636364
-4.973636364
-3.679090909
-2.764545455
-2.34
-2.674545455
-3.706363636
-4.037272727
-4.425454545
-5.111818182
-5.185454545
-4.896363636
-4.656363636
-4.465454545
-3.647272727
-2.222727273
-0.506363636
0.619090909
1.389090909
2.316363636
2.763636364
2.565454545
2.204545455
1.731818182
0.898181818
0.075454545
-0.956363636
-1.982727273
-2.673636364
-3.648181818
-4.558181818
-5.18
-5.431818182
-5.616363636
-5.25
-4.867272727
-5.054545455
-5.525454545
-5.999090909
-6.094545455
-6.148181818
-5.967272727
-5.671818182
-5.446363636
-5.924545455
-6.505454545
-6.457272727
-5.628181818
-4.661818182
-3.796363636
-3.136363636
-2.568181818
-2.394545455
-2.149090909
-1.641818182
-0.582727273
0.226363636
0.348181818
-0.080909091
-0.550909091
-0.477272727
-0.497272727
-0.694545455
-0.433636364
-0.09
-0.244545455
-0.781818182
-1.296363636
-1.388181818
-1.056363636
-0.851818182
-0.717272727
-0.218181818
0.090909091
0.084545455
0.242727273
1.019090909
2.407272727
4.281818182
5.725454545
6.723636364
7.700909091
8.274545455
8.476363636
8.973636364
9.067272727
8.667272727
7.556363636
5.591818182
3.406363636
1.389090909
-0.485454545
-1.965454545
-3.091818182
-4.129090909
-5.060909091
-5.539090909
-5.828181818
-5.521818182
-4.98
-4.965454545
-5.007272727
-5.22
-6.124545455
-6.794545455
-7.348181818
-8.070909091
-8.97
-9.653636364
-10.50090909
-10.55727273
-10.55181818
-10.3
-9.533636364
-8.814545455
-8.200909091
-6.981818182
-5.413636364
-3.475454545
-2.034545455
-0.023636364
2.017272727
4.381818182
6.559090909
8.58
10.62181818
11.99272727
12.86363636
// 13.15
// SPY 1/2/02 to 10/15/02
0.493636364
0.093636364
-0.481818182
-1.05
-1.543636364
-1.867272727
-2.173636364
-2.337272727
-2.593636364
-2.73
-2.774545455
-2.620909091
-2.632727273
-2.517272727
-2.527272727
-2.733636364
-2.867272727
-2.857272727
-2.685454545
-2.290909091
-2.094545455
-2.287272727
-2.293636364
-1.864545455
-1.61
-1.050909091
-0.421818182
-0.127272727
0.143636364
-0.031818182
0.084545455
0.628181818
1.39
2.049090909
2.665454545
3.37
3.749090909
4.166363636
4.585454545
4.964545455
5.330909091
5.261818182
5.008181818
4.269090909
3.599090909
2.676363636
1.678181818
0.888181818
0.213636364
-0.309090909
-0.928181818
-1.440909091
-1.916363636
-2.338181818
-2.437272727
-2.519090909
-2.475454545
-2.223636364
-2.321818182
-2.47
-2.71
-2.588181818
-2.356363636
-1.982727273
-1.731818182
-1.670909091
-1.626363636
-1.856363636
-1.88
-1.884545455
-1.94
-2.061818182
-2.338181818
-2.659090909
-3.122727273
-3.642727273
-3.96
-3.849090909
-3.641818182
-3.691818182
-3.233636364
-2.681818182
-2.140909091
-1.651818182
-1.012727273
-0.146363636
0.683636364
1.17
1.42
1.846363636
2.019090909
1.661818182
1.193636364
0.852727273
0.113636364
-0.649090909
-1.314545455
-2.14
-2.748181818
-3.411818182
-4.24
-4.69
-4.92
-5.195454545
-4.932727273
-4.308181818
-4.128181818
-4.051818182
-3.922727273
-3.666363636
-3.616363636
-3.5
-3.263636364
-2.99
-3.105454545
-3.991818182
-4.66
-4.551818182
-4.457272727
-4.47
-4.606363636
-4.647272727
-4.894545455
-5.303636364
-5.67
-5.41
-5.201818182
-5.891818182
-7.161818182
-8.474545455
-8.765454545
-9.077272727
-9.204545455
-8.749090909
-8.112727273
-7.486363636
-7.012727273
-6.122727273
-4.652727273
-2.606363636
-0.876363636
0.428181818
1.751818182
2.397272727
2.451818182
2.513636364
2.904545455
3.4
4.268181818
4.834545455
4.926363636
5.14
4.809090909
4.713636364
5.108181818
5.276363636
5.056363636
4.496363636
3.264545455
1.766363636
0.423636364
-0.879090909
-1.758181818
-2.382727273
-3.08
-3.792727273
-4.006363636
-4.054545455
-3.964545455
-3.552727273
-3.482727273
-3.362727273
-3.391818182
-3.887272727
-4.18
-4.242727273
-4.630909091
-5.142727273
-5.162727273
-5.467272727
-5.449090909
-5.400909091
-5.299090909
-4.839090909
-4.553636364
-4.400909091
-3.934545455
-3.047272727
-2.04
-1.539090909
-0.651818182
0.278181818
1.604545455
2.848181818
4.124545455
5.395454545
6.408181818
6.732727273
// 6.462727273
