// INTC 1/2/02 to 10/15/02
1
0.999787618
0.957098864
0.890092386
0.821917808
0.765318042
0.71954975
0.687798662
0.644897526
0.608580227
0.58840395
0.582351067
0.598173516
0.645003717
0.687904853
0.711691622
0.722310715
0.728894552
0.738664118
0.756504195
0.747159393
0.707762557
0.678241478
0.647870872
0.589041096
0.554529043
0.548051396
0.522671764
0.49368164
0.439311883
0.419347988
0.432728045
0.472443453
0.516618881
0.578846766
0.664649039
0.719655941
0.767123288
0.820218753
0.878623766
0.937984496
0.960603164
0.954868854
0.914622491
0.881703303
0.806520123
0.720930233
0.671870022
0.630455559
0.609111182
0.577360093
0.552405225
0.535202294
0.546246151
0.557714771
0.567484337
0.589147287
0.609429755
0.617394075
0.605819263
0.57927153
0.579802485
0.604863545
0.623022194
0.622916003
0.638632261
0.657109483
0.669746204
0.687373898
0.70011681
0.720824042
0.743761283
0.727938834
0.692364872
0.656259955
0.610279282
0.572900074
0.56217479
0.556865244
0.543485186
0.551449506
0.568546246
0.59520017
0.647339917
0.72400977
0.80843156
0.88488903
0.927365403
0.938834024
0.965381756
0.975363704
0.939683551
0.893384305
0.842837422
0.763406605
0.685568652
0.629287459
0.570776256
0.485823511
0.393012637
0.289157906
0.230540512
0.194117022
0.156737815
0.14707444
0.137517256
0.080174153
0.007220983
0
0.059997876
0.120420516
0.175215037
0.209514707
0.244557715
0.258574918
0.243814378
0.277158331
0.366252522
0.446214293
0.46639057
0.468832962
0.485186365
0.50971647
0.544865668
0.585536795
0.66932144
0.742486992
0.757884677
0.752150366
0.752999894
0.787618137
0.795476266
0.797387703
0.801953913
0.799405331
0.783795264
0.736009345
0.70011681
0.684294361
0.67962196
0.670808113
0.660295211
0.669002867
0.656472337
0.634809387
0.623022194
0.641074652
0.680046724
0.738664118
0.783476691
0.810555379
0.829138792
0.820643517
0.826484018
0.84602315
0.854730806
0.844430286
0.811192524
0.751300839
0.682913879
0.615801211
0.564829564
0.536688967
0.517999363
0.505681215
0.488478284
0.492088776
0.497398322
0.516406499
0.545821387
0.574811511
0.608367845
0.618774557
0.616119783
0.618668366
0.618774557
0.615907402
0.608474036
// 0.609217373
// 0.601890199
// 0.59859828
// 0.587342041
// 0.598067325
// 0.606881172
// 0.611022619
// 0.615801211
// 0.628013168
// 0.655835192
// 0.694701073
// 0.696187746
// 0.710735903
// 0.730805989
// 0.760751832
// 0.784220028
// 0.824784963
// 0.85865987
// 0.883508548
// 0.895295742
// 0.881172348
