// RAND
0.793481041
0.123428474
0.969191365
0.187382161
0.120805233
0.029521943
0.968150624
0.875767724
0.013507452
0.243507833
0.76173948
0.813034758
0.606426303
0.463759585
0.758459824
0.66763794
0.49511792
0.992288653
0.131628976
0.554575333
0.142227411
0.740668272
0.203133551
0.481230711
0.22971146
0.387708637
0.564279418
0.489908412
0.931944994
0.229369574
0.648742961
0.017288084
0.081049263
0.46324288
0.76205434
0.48392355
0.596802361
0.285720376
0.936130049
0.037740711
0.953583231
0.31424245
0.035218153
1
0.801364061
0.834037221
0.338710813
0.261110992
0.714992328
0.164726206
0.32230865
0.972668129
0.623189842
0.093682627
0.637634642
0.547949941
0.359326466
0.966943298
0.627640994
0.558367556
0.108449234
0.530506064
0.696230361
0.58584889
0.565647484
0.531124327
0.583604136
0.629360636
0
0.468330015
0.171980691
0.267851019
0.185454861
0.647067512
0.759961982
0.281815024
0.244913776
0.044545268
0.897592851
0.212298584
0.762964971
0.730663757
0.432041918
0.299225355
0.415168422
0.101889643
0.000830499
0.869841826
0.570430587
0.663636282
0.648380653
0.739582111
0.32747988
0.989373896
0.853874328
0.395452488
0.883136929
0.136759323
0.584251501
0.568671839
0.824239802
0.18619796
0.508341965
0.320505134
0.864721032
0.153597372
0.499489775
0.03252466
0.117543155
0.225731985
0.824710309
0.577801449
0.344912335
0.876358204
0.949694737
0.583311587
0.124633207
0.600222738
0.592221108
0.020398118
0.723030947
0.520541631
0.362212949
0.166422536
0.911094635
0.611224562
0.22996228
0.931120134
0.690374631
0.673898382
0.394058979
0.483010098
0.752669799
0.231234242
0.193973376
0.202860396
0.091151159
0.019869256
0.045011224
0.932806722
0.841867312
0.359081398
0.472762705
0.948348484
0.261106001
0.24002901
0.416059836
0.526120352
0.780247267
0.354997561
0.873922941
0.50431321
0.410400591
0.831659361
0.22503825
0.589041058
0.601659377
0.893288073
0.151455524
0.985041113
0.608901037
0.321263652
0.839148018
0.920186788
0.112280644
0.11503788
0.350731382
0.195131778
0.962382466
0.121904585
0.556731046
0.525830686
0.376294155
0.010783745
0.399884753
0.063473501
0.339526039
0.091928276
0.430814465
0.205174738
0.60067446
0.897763068
0.121420934
0.813738132
0.559208066
0.682538428
0.655590275
0.073303982
0.185879678
0.719744528
0.047774323
0.213739806
0.109519552
0.926586788
0.082245051
0.780850669
0.606444415
0.47451975
0.846124174
0.073309213
0.17614787
0.856905235
0.756863983
0.433534897
0.301083259
0.525449845
0.842163356
0.45819806
0.279313412
0.689210865
0.610582474
0.150419873
0.187920842
0.147624838
0.794458112
0.428144653
0.880173674
0.52868081
0.865379974
0.442937158
0.585525938
0.987040089
0.597876394
0.852857603
0.692248015
0.518222856
0.501435899
0.3886417
0.216285599
0.72378959
0.48592228
0.488567178
0.555178278
0.166848501
0.08186742
0.536405262
0.227632341
0.813478393
0.296906293
0.549381857
0.887972344
0.987803346
0.162309515
0.614624016
0.604208854
0.860858977
0.836308742
0.41814865
0.216624127
0.804154857
