// SMA
1
0.976608652
0.982976564
0.961988056
0.93888525
0.912826799
0.919796197
0.923470841
0.897007472
0.878837986
0.878941517
0.880834717
0.875496341
0.865230894
0.865356004
0.862309296
0.85327043
0.861678044
0.839956193
0.833216499
0.812149252
0.81218408
0.793453374
0.784618268
0.767091047
0.755254735
0.749700823
0.741606179
0.749023855
0.731840643
0.72946947
0.705078096
0.683156521
0.674796434
0.676951372
0.669375293
0.665815542
0.651431604
0.659897125
0.63691547
0.646135438
0.632943998
0.610143812
0.621251893
0.625314568
0.630477228
0.618296554
0.603528698
0.604753392
0.586756203
0.574440144
0.584951114
0.583156784
0.562895449
0.561825941
0.557636259
0.546903682
0.557490164
0.556125832
0.552356828
0.532918991
0.528409418
0.529730329
0.527184646
0.523959193
0.519560802
0.51703845
0.516138668
0.493277079
0.486993377
0.47042704
0.457373172
0.441573416
0.442046426
0.446455821
0.434129145
0.420637524
0.40028601
0.409917664
0.39552957
0.400508967
0.404310943
0.397650095
0.386419266
0.379348286
0.36141154
0.340126216
0.349390687
0.348110151
0.350096205
0.351529829
0.356132935
0.346303635
0.359679163
0.368190684
0.360613712
0.370137437
0.353510091
0.352670845
0.35129611
0.358856929
0.344068277
0.340673468
0.330755277
0.339934692
0.324197185
0.32069206
0.300920365
0.284314358
0.271651254
0.280024946
0.279695383
0.271239021
0.281419849
0.294059027
0.29378148
0.277494374
0.277972837
0.27816718
0.2583974
0.263354032
0.261192253
0.253524882
0.239099196
0.250814062
0.251943399
0.239751682
0.252159107
0.2560381
0.259303122
0.252766378
0.249400261
0.255481549
0.243298855
0.229937221
0.217019447
0.200331112
0.18132123
0.163379145
0.176609175
0.186532234
0.179502141
0.176510932
0.190152202
0.179665616
0.168548104
0.163686954
0.162716598
0.170627445
0.163613834
0.1747859
0.172943273
0.167840609
0.177494997
0.165875868
0.167080167
0.168712924
0.180510031
0.166291999
0.181316387
0.183059587
0.174744014
0.184590795
0.19716815
0.181415953
0.165917532
0.158802089
0.146325863
0.160758906
0.14570677
0.145984826
0.145181379
0.139165687
0.120450286
0.115505447
0.098866033
0.092029931
0.07661862
0.073191845
0.061922318
0.064572271
0.077567005
0.063329904
0.073403774
0.074491332
0.079873443
0.084260981
0.068277191
0.056383225
0.063245272
0.046580406
0.035875997
0.021640333
0.036070614
0.020880858
0.030231126
0.033399419
0.031930575
0.043449026
0.027873539
0.016043875
0.028097557
0.03653829
0.033607288
0.026081746
0.026464034
0.03789888
0.035815256
0.027507655
0.033592536
0.036871672
0.02405387
0.012673394
0
0.010034109
0.007179977
0.020134593
0.020689145
0.032992225
0.030424914
0.03286101
0.049289492
0.051968094
0.063521232
0.069352003
0.069049296
0.068163589
0.063349125
0.052565902
0.059607334
0.05827447
0.057047268
0.058157712
0.045700568
0.030401329
0.031122872
0.021058024
0.031545545
0.023894804
0.025134422
0.038181742
0.054583662
0.042003804
0.045339917
0.048279079
0.060148433
0.071042052
0.067228882
0.05641868
0.066227113
