// SPY 1/2/02 to 10/15/02
0.608522047
0.58342365
0.547316183
0.51166505
0.480691347
0.460384462
0.441161371
0.430893845
0.414808054
0.406251783
0.403456734
0.4130968
0.412355256
0.419599566
0.418972107
0.406023615
0.397638469
0.398265929
0.409046831
0.433802978
0.446124009
0.434031145
0.433631852
0.460555587
0.476527295
0.511608009
0.551080942
0.569562489
0.586560949
0.57555188
0.582853231
0.616964235
0.664765273
0.706120586
0.744794935
0.789002339
0.812788774
0.838970966
0.865267241
0.889053676
0.912041526
0.907706349
0.891791683
0.84541669
0.803376875
0.745479436
0.682847527
0.633278193
0.590953169
0.558154127
0.519308653
0.487137071
0.457304204
0.430836803
0.424619246
0.419485483
0.42222349
0.438024072
0.431863556
0.422565741
0.407506702
0.415150305
0.429695967
0.453140152
0.468883692
0.472705493
0.475500542
0.461068964
0.459585876
0.459300667
0.455821117
0.448177514
0.430836803
0.410701044
0.38160972
0.348981804
0.329074211
0.336033312
0.349038845
0.345901546
0.374650619
0.409274999
0.443214877
0.473903371
0.514003765
0.568364611
0.620443785
0.650961155
0.666647653
0.693400262
0.704238207
0.681820775
0.652444242
0.631053562
0.584678569
0.536820489
0.495065883
0.443271918
0.405110946
0.363470424
0.311505333
0.283269637
0.268838058
0.251554389
0.268039473
0.307227198
0.318521476
0.323312988
0.331412926
0.347498717
0.350636016
0.357937368
0.372768239
0.389937824
0.382693514
0.327077748
0.285152016
0.291939992
0.29787234
0.297073755
0.288517483
0.285950602
0.270435229
0.244766414
0.221778564
0.238092522
0.251155097
0.207860362
0.128172951
0.045804575
0.027551195
0.007985854
0
0.028577948
0.068507216
0.107809024
0.137527808
0.193371741
0.285608351
0.414009469
0.522560037
0.604415036
0.687467914
0.7279676
0.731390109
0.735268952
0.759796931
0.790884718
0.845359649
0.880896697
0.88665792
0.900062746
0.879299527
0.873310136
0.898066283
0.908619018
0.894814899
0.859677143
0.782385489
0.688380583
0.604129827
0.522388911
0.467229479
0.428041755
0.384290685
0.339569905
0.326165079
0.323141863
0.328789002
0.354628943
0.359021163
0.366550682
0.364725344
0.333637556
0.315270093
0.311334208
0.286977354
0.254862814
// 0.253607895
// 0.234498888
// 0.235639724
// 0.23866294
// 0.245051623
// 0.27391478
// 0.291825908
// 0.301408933
// 0.330671382
// 0.38634419
// 0.449546518
// 0.480976556
// 0.536649364
// 0.595003137
// 0.67822714
// 0.756260339
// 0.836347042
// 0.916091495
// 0.979636073
// 1
// 0.983058582
