// next spread -- symetric target
1.001387604
0.997503404
1.000912201
1.002962625
0.996825397
1.002017033
0.998669033
1.000882807
0.995803887
0.997327989
0.997504537
1.000905592
0.999313344
1.006424966
1.001354402
1.001829408
0.997475327
1.001605136
0.998854
1.004538235
1.002727273
0.999547101
1.001813237
1.004993191
0.998650472
1.002699663
0.999772106
1.001601464
1.004103967
1.000672646
0.995541685
0.998434355
0.997114317
1.003761894
1
1.004860804
0.984902309
0.99907386
0.981998615
0.992116856
0.992231638
1.009015421
1.000233372
1.01054358
1.008377938
0.998602376
0.995140014
1.001416096
0.99790649
1.001165773
1.005370068
0.999768893
1.001376778
1.000450248
1
1.000453309
0.998419865
0.995680837
1.007352941
0.999770484
1.003216173
1.00527644
1.000679348
0.99887235
1.003366248
0.999775028
0.999104745
0.998416648
1.000224417
1.004031355
1.001997337
0.994906997
0.995556543
1.008194906
1.001321586
1.003518804
1.003282276
1.002375297
0.99613319
0.998282156
1.000217581
0.999566255
1.001938819
1.00386349
1.000643363
0.996568733
0.994864113
0.996583387
1.001082485
0.999786233
0.999139044
1.002169197
0.998711063
1.003237643
1.000642261
1.000638162
1.002975558
1.000640615
1.002166378
1.001076426
0.992950224
1.002754821
1.003585741
0.996416526
0.99726776
0.995586381
0.996600807
0.999568407
0.999360478
0.994660402
1.004297379
1.001062699
1.008445946
1.001884422
0.99706929
1.001465662
0.999577256
0.99790532
1.000211461
1.004671905
0.99893208
0.999579302
1.00547138
1.002310924
1.001249219
1.000620989
1.001027538
1.000818666
0.994477398
0.997731023
1.003278017
1.001412429
0.999799599
1.00220662
0.994425642
1.004783735
0.999403816
1.003396603
0.992610346
1.004865194
0.993117409
0.998162515
1.004792665
1.008650875
0.997054492
1.000626305
0.998138188
1.000843526
0.998123827
1.00413993
0.986691237
0.989310417
1.008460237
1.00210084
0.99764907
0.991938998
1.018921892
1.003886849
0.998925424
1.007656316
1.002727654
0.996844098
0.997095436
0.994152047
1.006632435
0.994800333
1.010966274
1.001227747
0.997584541
1.001016673
0.987586488
1.008086253
1.006431535
0.998160638
1.007151614
0.992273282
0.995530272
1.005736529
1.004996003
0.997807455
1.004997002
1.002581414
0.996639652
1.005678481
1.005845674
0.999224506
1.000778059
1.000769231
0.996731398
1.001936108
1.007726483
0.999621356
1.002257761
1.000187336
1.005232667
1.004557539
1.001494489
0.993787651
1.014185739
0.99589169
0.999814057
0.994660564
1.01017524
0.991878922
1.002231728
1.019415646
1.004821064
0.996121884
1.003870254
0.993639833
1.007777778
0.989709666
1.004808581
0.991587418
0.99606373
0.980668858
0.9984
1.013544018
1.012810406
0.998203234
1.006824568
0.997613365
1.005231388
0.990981964
1.006489556
1.002608347
1.008574929
1.013410729
0.996114996
1.009864603
0.995712337
0.992334906
1.010459838
1.000969368
0.999426606
1.002484235
1.001522649
1.01812159
0.991309386
0.992038835
0.996272317
1.010255379
1
1.014835605
1.015324165
1.003085824
0.997894334
0.996761905
1.003277424
0.995175608
1.000976181
1
0.98399842
1
1.002075981
1.003623188
0.989774624
0.994582205
1.01360255
0.989555045
0.99226638
1.00412595
1.005064964
0.944432194
0.962879131
1.00408998
1.021376086
1.000681973
1.00518836
0.996397208
0.988731125
1.008198538
0.999780654
0.982647386
1.005724754
0.988787666
1.002087683
1.003899083
1.006126617
1.013007759
1.001563198
0.994541733
1.013235965
0.989026063
1.009558489
1.003446691
0.998855311
0.994305239
0.993192648
0.996161662
0.989347235
0.999534342
0.993672369
1.001864367
0.999304267
0.994071615
0.998573806
1.014299564
1.00396918
0.988761414
1.006737918
0.977278107
1.018322083
1.004154166
1.002129673
1.004409376
1.00269179
0.996430961
0.994183445
1.007092199
1.003679007
1.016010979
1.00241281
0.995603429
1.003948234
1.006105539
0.99256993
1.001321295
1.000668151
0.988581467
0.998419151
1.003629764
1.012460353
1.00110205
1.026507621
0.998073218
0.993835034
1.007337074
1.000426894
1.001057753
1.00233298
0.998094835
1.00210084
1.000423639
1.009445585
1
0.997121119
1.000204374
1.004163197
0.992561983
1.001451981
1.000407415
1.003860219
1.000203625
1.002001201
1.00079984
0.996374622
1.00121778
1.002283105
0.996277146
1.002074689
1.004689093
1.000609137
1.003823707
0.99820036
1.003846154
0.996946876
1.00261254
0.991295747
1.002039568
0.989747796
0.997939843
1.007177539
1.006115563
0.994831507
1.00307377
0.994231562
0.998125781
0.99097806
1.004006748
0.995324123
1.004272591
0.981500946
0.99890471
0.996933187
0.992030108
1.003056101
1.006038917
1.009186646
1.001113586
0.999782467
1.001564246
0.989620141
1.013016158
0.995026
1.002712477
1.005955007
0.989044698
1.009194887
0.983251452
1.001563198
1.004628609
1.006489147
0.999779103
1.004277353
1.002867225
0.990125082
1.001099868
0.999777184
1.010353365
1.000435445
0.993995282
0.999351632
0.999577346
0.999790576
0.99832636
0.996645702
1.001658031
1.002906977
0.994957983
1.007019783
0.992567424
1.005333902
0.993051169
1.0006453
1.000430756
1.004065911
0.989386542
1.016261925
0.99780461
0.994237589
0.991296381
1.013118527
0.999538852
1.009658422
0.985981308
0.991513761
0.976283675
0.985741445
0.987267154
1.022133798
1.052922781
0.996270396
1.007827789
1.005915701
1.009302326
0.971325301
0.980038948
0.997355896
0.998200977
0.993506494
1.013877551
0.974571587
1.008032129
0.97856049
1.023464032
0.968274112
1.04916986
1.029035013
0.990479024
1.006862745
0.981711097
1.014241486
0.98373494
0.996505718
0.996079713
0.925877337
0.988478482
1.034506797
1.001569366
1.028005035
0.985688185
0.99756765
1.019500305
0.993481481
0.984370116
1.011780105
1.025008015
0.990575236
0.985049834
0.996516893
0.97767564
0.983091787
1.006697215
1.002117149
0.987714073
1.017605634
1.020622422
1.010954064
0.98970536
0.988756388
0.978708791
1.013739324
0.974847287
0.98427673
0.988852931
1.022460263
0.986702128
1.002999
0.996656637
0.98624957
1.001684636
1.008916324
0.989856021
1
1.009103169
1
1.004108182
1.004817619
1.002059025
1.00274631
1.002769124
0.998982706
1.000336247
0.993554625
1.007414571
0.980849026
0.998028909
1.000325098
1.001330229
0.999661247
0.988486285
0.997904296
1.013745704
0.995921142
1.016809728
0.97838765
0.983657858
1.001384083
1.000343525
1.016712142
0.987808896
1.007437458
0.990364763
1.002040122
1.002343488
0.985623537
1.003598299
1.000637552
0.993650794
1.001318392
0.988410596
0.997055937
0.969109431
1.006502396
1.006155951
0.98888503
1.005542085
1.005384063
0.99409312
1.00664568
0.989564592
0.985107156
1.008258258
1.014650639
0.989023052
1.005281026
0.992015209
1.01981352
1.010245152
0.999279279
0.999651203
1.006610995
1.005307856
0.995908626
1.013804714
1.000336927
1.024674435
0.991585761
1.008572371
1.010830325
0.986946832
0.983127839
1.007651364
0.987467018
1.017874553
1.010390428
0.988871716
0.989154013
1.009866327
1.018779343
0.996964177
0.993919124
0.992920899
1.013888889
0.997894103
0.981987391
0.996277916
0.994187825
1.006404392
1.006946542
0.991985752
0.993774088
1.008064516
1.013258692
0.999708285
1.009019494
0.998573466
1.00770988
1.00685127
1.007600117
0.987145779
1.002037846
0.991158267
1.002422774
0.998502546
1.006892418
0.997663551
1.00377907
0.992415403
1.003863299
0.991353608
0.997125611
1.006078148
1.000572246
1.010740531
0.994503985
0.996981339
1.002202037
1.005988024
0.993746601
1.004635942
1.005683356
0.998642042
0.995926127
0.990450205
1.003899721
1.004219409
0.998328225
1.006420994
0.990873894
1.002850627
1.008571429
0.993537511
0.995315514
1.002749519
1.002743484
1.004947774
0.991483516
0.993820225
1.000282406
1.006081668
1.003745318
0.997123957
1.000859107
0.998876089
1.016797312
0.99539545
0.999732334
1.005324814
1.003955696
1.000785752
0.998961039
0.989580686
0.999491741
0.995933926
0.996199645
1.010421962
1
1.010646388
0.995254745
1.002247752
1.002265291
1.013712544
0.996489468
0.996717172
0.999235863
1.006019564
0.994512347
0.983093616
1.006237006
0.988214194
0.999491094
1.005784708
1.001737404
1.002236025
0.997770622
0.999751861
1.012376238
0.992581602
0.996502623
0.994653768
1.004840764
1.001771703
1.007928642
1.000736377
1.000486736
1.00072324
0.99349711
0.99928023
1.004544367
0.997406884
1.003065315
0.994344958
1.005637773
1.004220399
1.004004711
0.993106727
1.005515588
1
1.004026528
0.996449704
0.993170732
1.005136986
1.00558117
0.998807821
1.00594389
0.997869318
1.004001883
0.999060371
1.012447158
0.994670992
0.996284255
1.000935016
1.005785698
0.999768626
0.998145573
1.009697529
1.001623
0.998604327
0.996457251
1.005798502
0.999287242
1.000976563
0.994651106
1.006543868
1.01161384
0.994569067
1.007746479
0.998850839
1.007565337
1.000683371
1.002978236
1.004317201
0.997300945
0.996860987
0.993235626
0.99473202
1.010359116
0.999546896
1.003409866
0.972612042
0.997701678
1.007575758
1.003408316
1.003630588
1.012759171
0.999320036
0.994306536
0.99908341
1.004310345
1.005417607
1.006798097
0.996857464
1.003837472
0.995491434
1.007759014
1.005173189
1.003336299
1.00198983
1.001097454
1.002392344
1.000216357
0.998913752
1.001949318
1.012677596
0.999353727
0.999569151
1.001517122
0.997834091
1.001288937
0.993960311
1.003058104
0.998489752
1.00172451
1.002399128
0.992916935
1.00283101
0.996702572
1.00611413
0.998871587
0.998196167
0.993288591
1.008266361
1.002570694
1.001618123
0.995189003
0.992709045
1.002580948
0.998371336
1.011952191
1
1.00023245
0.991069384
1.007312614
1.004512635
0.999326902
0.997324415
1.004015168
0.999329459
1.005208333
0.989464246
0.999775785
1.004468275
1.003523453
1.002414929
1.000657895
1.007431694
1.000430663
0.997850849
1.000641163
0.997668009
1.003167899
0.997888514
1.003175275
1.001472444
1.000839102
1.001881664
0.995999158
1.001460768
0.998341969
1.008329863
1.004171011
1.005
1.003110097
0.996900186
1.004152824
1.002284053
0.997737091
0.998564103
0.997121119
1.00020517
1.000407914
0.998981047
1.005271695
0.999198557
0.996409336
0.996365839
1.005454545
1.006834171
0.990405757
0.999801232
1.000989707
0.996032533
1.005269558
1.00567146
0.999601832
1.004264825
0.987782896
0.989469337
0.993150685
0.992484432
1.044483594
0.989951853
1.005448449
0.99568079
0.992476489
1.00191775
1.008496177
0.996338574
0.980460269
0.984441939
0.99955397
0.978056426
1.006935123
1.022624434
1.001744059
0.99627193
1.005754759
1.002810811
0.978796316
1.005100909
1.001807093
1.007015162
1.01232314
0.989793654
1.009230769
1.005275885
0.99721687
1.00554371
1
1.012765957
1.004291845
1.001081315
0.995656895
1.003528115
1
0.984704057
0.996771962
1.003043784
1.001643578
1.014834
1.003286385
1.007961783
0.999547511
0.999103541
1.008715084
1.00198544
0.998024583
0.996491228
1.00293189
0.983899821
1.010605391
1.014112903
0.993227005
1.001302649
1.004306632
0.998922878
1.005863192
0.991686721
1.012660991
0.999357189
1.004519045
0.995100128
0.989109545
1.005132592
0.991928632
0.983501178
0.980837004
0.996225577
0.995080501
1.007142857
0.99801631
0.994072448
0.99843959
1.006233304
0.988534173
0.992898053
1.003403676
1.007349564
0.995234854
0.99472598
1.014726185
1.00178731
1.011047282
0.995870463
1.002844639
1.008864865
1.00107689
1.007725322
0.998730159
0.997471022
0.998115183
1.004171882
1.003750781
1.000614376
0.995903318
0.993427809
1.011300596
0.999395892
1.002429642
0.998379583
1.005477785
1.008355411
0.99714344
1.011344884
0.998791784
1.005687589
1.000404776
1.000603015
0.998392606
1.006385951
1.000593824
1.012296708
1.000194212
0.990643275
1.002754821
1.006251221
1.00019497
1.004066615
0.994989401
0.994810686
1.004215367
1
1.003641242
1.008234393
1.000947329
1.010939268
1.000558971
0.998323086
1.003907704
1.001309635
0.984921817
0.99475459
1.005141878
0.992926783
1.00058309
1.010852713
0.998664887
0.995997713
0.98979399
1.009794507
0.993599398
0.998673489
0.989569505
1.014782108
1.001504042
0.995719337
1.000185632
1.012070566
1.002598367
1.006102071
1.002955847
1.003853918
1.002578269
0.999448529
1.000923191
0.999267131
1.001834189
1.003848974
0.999635635
0.998177843
0.997077092
1.002373562
1.002743735
1
0.998719356
1.009364671
1.003615983
0.99692419
1.001076426
1.001788269
0.997852157
1.004101284
1.004807692
1.000707214
1.000353482
0.99245614
1.001749475
0.995752964
1.004990198
1.001975575
0.995039858
1.001415178
1.003167341
0.999825114
1.001435493
1.0075
0.997896582
0.99806882
0.999824746
1.001917044
1.000346921
0.998449078
0.993440359
0.997069976
1
0.997610106
1.002564103
0.995074728
1
0.986378342
1
1.002121641
1.005627858
1.003989592
1.004327506
0.999472203
1.009275464
0.99965677
1.004140072
0.99877601
0.996342738
0.988777836
0.994299964
0.994512303
0.970687511
0.991710218
1.01588181
1.010064044
1.015426997
