// 1/3/02 - 10/15/02
// MSFT
0.577674279
0.556941106
0.530573918
0.474684495
0.429987981
0.378004808
0.330003005
0.278094952
0.223257212
0.167217548
0.106896034
0.064753606
0.060922476
0.066631611
0.072941707
0.080153245
0.101111779
0.120718149
0.159179688
0.194260817
0.207256611
0.244891827
0.272911659
0.280123197
0.291616587
0.315880409
0.32016226
0.327223558
0.317457933
0.322866587
0.361177885
0.410606971
0.455078125
0.499549279
0.561974159
0.615084135
0.656850962
0.704101562
0.738882212
0.7734375
0.767052284
0.737605168
0.679912861
0.641676683
0.580303486
0.497145433
0.431640625
0.381685697
0.346980168
0.309495192
0.264573317
0.228966346
0.207932692
0.193209135
0.179161659
0.172701322
0.190204327
0.181265024
0.168344351
0.139948918
0.159780649
0.198542668
0.24226262
0.279672476
0.30866887
0.326322115
0.334435096
0.347355769
0.349008413
0.355994591
0.349534255
0.31640625
0.275390625
0.21859976
0.15625
0.134540264
0.155799279
0.168344351
0.165414663
0.202073317
0.247671274
0.304387019
0.367563101
0.454927885
0.552809495
0.625600962
0.649939904
0.655573918
0.691781851
0.699894832
0.675255409
0.639723558
0.588416466
0.504732572
0.42585637
0.381385216
0.34750601
0.33578726
0.312199519
0.289963942
0.318960337
0.352088341
0.400540865
0.483849159
0.578650841
0.629206731
0.649714543
0.665414663
0.696814904
0.70297476
0.690504808
0.669546274
0.653545673
0.598257212
0.517052284
0.45297476
0.438326322
0.426607572
0.417217548
0.401817909
0.389798678
0.377403846
0.350360577
0.34390024
0.370793269
0.399489183
0.378680889
0.332406851
0.250976563
0.212965745
0.142578125
0.102839543
0.099158654
0.097280649
0.077674279
0.033203125
0
0.013296274
0.073918269
0.157001202
0.247821514
0.344350962
0.394906851
0.413762019
0.450420673
0.510817308
0.593073918
0.691932091
0.758713942
0.777719351
0.803710938
0.788837139
0.795297476
0.822040264
0.827373798
0.82046274
0.783353365
0.703951322
0.622521034
0.534329928
0.454702524
0.395808293
0.34765625
0.303410457
0.258263221
0.240685096
0.224834736
0.233774038
0.267728365
0.298677885
0.34382512
0.358398438
0.353665865
0.35546875
0.365309495
0.362079327
0.351787861
0.353590745
0.335486779
0.320913462
0.283503606
0.27734375
0.298527644
0.310772236
0.327674279
0.362004207
0.423677885
0.499549279
0.543569712
0.604492188
0.692983774
0.784254808
0.843299279
0.917367788
0.97273137
1
0.992788462
0.949444111
