// Test of a random quantile function
0.00024069
0.004535836
0.007391755
0.011111026
0.011718028
0.013330352
0.024939526
0.025824387
0.028950725
0.030056004
0.034114782
0.037077718
0.037624243
0.038661288
0.042614145
0.046004026
0.049448607
0.051317914
0.052443758
0.053301933
0.055459956
0.058333982
0.061907483
0.062579238
0.06672698
0.070263186
0.070273575
0.07934432
0.080114207
0.082091035
0.083369183
0.084272283
0.089140701
0.09102225
0.091737657
0.092101906
0.093822059
0.094823519
0.099693614
0.102367662
0.102412072
0.103142902
0.106157966
0.107092881
0.108882136
0.114290022
0.11765367
0.117998596
0.119514898
0.119853431
0.122895969
0.126719121
0.126931931
0.128100514
0.130661481
0.13635216
0.137494559
0.138241007
0.138980078
0.141341129
0.141786635
0.148244662
0.150860588
0.153431821
0.157894843
0.161417519
0.161774711
0.162239583
0.164908244
0.168363498
0.173662433
0.173804833
0.174152891
0.174852285
0.176528793
0.176573362
0.176870288
0.177426797
0.178858036
0.1829087
0.183388081
0.185739687
0.190837596
0.191166985
0.193057516
0.196398119
0.198420938
0.199157552
0.199266998
0.199562923
0.199819861
0.200145225
0.201565554
0.207501732
0.207849428
0.208169257
0.214879365
0.216427689
0.217075262
0.217967112
0.218313159
0.221702052
0.222372222
0.222492439
0.223032354
0.224278069
0.228257118
0.229053571
0.229745593
0.231583034
0.237074704
0.237426872
0.243309351
0.244992976
0.246549372
0.247451892
0.248016632
0.24837194
0.248428705
0.252760033
0.252797785
0.25561316
0.257898815
0.259454782
0.260229069
0.260297625
0.262757651
0.262841156
0.267779187
0.269706113
0.270319334
0.27051854
0.276866238
0.278360515
0.28349408
0.284940763
0.285138864
0.290136846
0.29260717
0.296128081
0.29947542
0.303749153
0.305623102
0.306469166
0.306888958
0.308071527
0.310561799
0.311026294
0.311895997
0.313523657
0.317041523
0.317180651
0.318577003
0.322117295
0.323739335
0.32594458
0.326963876
0.329477372
0.331015061
0.333147113
0.333576581
0.336982885
0.338986361
0.33904265
0.340000556
0.341347766
0.342106561
0.342202386
0.34319063
0.344249978
0.345309192
0.34763214
0.347821986
0.351654291
0.351857656
0.352632596
0.360466394
0.36345178
0.368861519
0.3691304
0.369948825
0.3705674
0.370955622
0.371235147
0.371642629
0.373084509
0.375941641
0.376240365
0.377912424
0.380574617
0.380745037
0.389253442
0.390387783
0.390800806
0.392418049
0.393053666
0.393555223
0.393841661
0.393938188
0.394670075
0.396411494
0.397940591
0.399515502
0.401463804
0.402093286
0.405648894
0.406548271
0.407475622
0.408799785
0.408881671
0.409619664
0.410369328
0.410688034
0.41272674
0.417360288
0.418146196
0.418493365
0.420116192
0.420414297
0.424631458
0.425570384
0.427863116
0.428384765
0.428595866
0.430307491
0.431514273
0.433965193
0.435565101
0.437810189
0.439709806
0.44486763
0.445009736
0.447869151
0.448595002
0.450331802
0.453790293
0.45732472
0.458339224
0.45888229
0.463426721
0.464992511
0.465245289
0.467111026
0.467665717
0.468283807
0.470328211
0.470811982
0.471116274
0.472756561
0.474435144
0.475879061
0.476723775
0.478931026
0.481708753
0.482063843
0.483422892
0.483484952
0.484978441
0.485272415
0.491523147
0.494288369
0.496201293
0.497572756
0.500078684
0.501050326
0.501607331
0.502270973
0.506095609
0.506118932
0.508774844
0.5114354
0.512273017
0.513310186
0.513973538
0.514023788
0.514155102
0.516332056
0.517677061
0.522722229
0.524861455
0.525650026
0.527370672
0.528008124
0.529957805
0.531114654
0.537526779
0.538524916
0.541516067
0.542956332
0.543942965
0.54773953
0.548111345
0.548756412
0.549268986
0.553740057
0.560652616
0.562722895
0.565365485
0.568550674
0.569592113
0.570651065
0.576714496
0.579321447
0.580614725
0.580894625
0.580956095
0.581099929
0.582665785
0.589754337
0.590357265
0.591272851
0.595044988
0.595508099
0.596111951
0.596217718
0.596388621
0.598048404
0.599754827
0.601455122
0.604964405
0.605588747
0.607109466
0.608166058
0.608425633
0.608970048
0.612154056
0.620306301
0.620681616
0.624291795
0.624386453
0.625774988
0.630810059
0.63441199
0.634680414
0.635237738
0.636808387
0.63765538
0.637761919
0.638468119
0.640405211
0.645865402
0.64877499
0.6490468
0.65186179
0.653554401
0.65585788
0.656794087
0.65964566
0.659925623
0.661585046
0.663510158
0.665484728
0.670265182
0.671074537
0.672290789
0.67537324
0.676301502
0.677866118
0.679434247
0.680901788
0.681551376
0.6825431
0.684894714
0.685013828
0.689227395
0.690315463
0.691608617
0.692268323
0.69787112
0.705810452
0.706950654
0.707791641
0.708583944
0.717597518
0.71872629
0.719774157
0.720883027
0.722553025
0.723348635
0.727841486
0.732012595
0.734389372
0.736334496
0.74524237
0.747627683
0.748639166
0.749352112
0.754510674
0.755155413
0.755650131
0.759790495
0.765251033
0.767168351
0.770004898
0.772545716
0.772974317
0.777263244
0.779965108
0.7842739
0.787988586
0.78903147
0.792307554
0.794026438
0.795517558
0.798780241
0.801939776
0.805324878
0.808667171
0.81053297
0.81175273
0.812026927
0.816290166
0.817692318
0.818352335
0.818729403
0.820553262
0.824829178
0.826455081
0.827086162
0.827405587
0.827763071
0.831691728
0.831751821
0.833552299
0.838106412
0.84580822
0.85074374
0.853382195
0.854674836
0.855042369
0.856012164
0.856719336
0.856800976
0.861176068
0.862783091
0.86340509
0.865029696
0.866038863
0.866493072
0.872243576
0.87568347
0.875957295
0.876141842
0.876870877
0.877341197
0.879920225
0.883053847
0.883970366
0.889597946
0.893930921
0.896135855
0.897865327
0.897960532
0.89982136
0.90124118
0.902154864
0.905108676
0.909859002
0.91041825
0.913782331
0.915962577
0.922682772
0.927072439
0.929353022
0.930217157
0.940238748
0.942089878
0.943573849
0.944793074
0.947358822
0.9482646
0.948509465
0.948621433
0.950556632
0.951137663
0.953454107
0.954304019
0.954422038
0.954452711
0.960947632
0.961698801
0.963089619
0.967330424
0.968136092
0.968277052
0.968485259
0.970480806
0.972971018
0.975697719
0.975793436
0.977426055
0.981171389
0.983186207
0.983728206
0.984393966
0.987568173
0.98867108
0.990541683
0.991664846
0.999699762
