// QQQ
0.724808288
0.549031028
0.59896546
0.49723701
0.515090241
0.654974292
0.4040073
0.414933734
0.476518928
0.702931099
0.579133986
0.483016209
0.597244312
0.282913992
0.874115792
0.684530799
0.543014006
0.442212073
0.674216499
0.586409598
0.48200931
0.197514252
0.37187186
0.530869441
0.353840122
0.863953785
0.49458966
0.140117842
0.669526693
0.495777173
0.763800423
0.852644661
0.641085063
0.739993352
0.574478926
0.670621481
0.576118186
0.626618739
0.421033147
0.62289273
0.517759086
0.634274293
0.521716027
0.525563161
0.581692848
0.521722436
0.411484588
0.763117253
0.58912764
0.525690611
0.454636371
0.55647379
0.465850721
0.606867878
0.294134899
0.421685918
0.694700386
0.751946286
0.44648864
0.589538897
0.291461878
0.387943932
0.598459853
0.316046753
0.443069003
0.575217968
0.665452819
0.84788396
0.586073921
0.402368631
0.076422264
0.375192175
0.702346351
0.840471469
0
0.337821533
0.678109048
0.598736182
0.773126965
0.545091198
0.670732634
0.67983457
0.387368543
0.70815029
0.261830969
0.597785579
0.680428476
0.587133181
0.593008547
0.509149829
0.63288135
0.314614181
0.490731025
0.524892783
0.605674996
0.828822196
0.552916464
0.450025409
0.403804477
0.655301171
0.662525015
0.477746179
0.707780555
0.61772181
0.66828622
0.758711337
0.487288529
0.652717603
0.542950568
0.523819548
0.533377404
0.606174772
0.688006512
0.64135391
0.527863565
0.571171347
0.537277006
0.383071852
0.592275221
0.55617449
0.550489845
0.639290804
0.529763742
0.514715374
0.544803224
0.524094171
0.652216593
0.550399666
0.617767734
0.570849917
0.732629159
0.570476238
0.651247646
0.488102904
0.330487076
0.670761873
0.485850852
0.653605304
0.645550301
0.480889602
0.610537544
0.309680557
0.817960919
0.519229109
0.652034042
0.653141334
0.521274676
0.472689147
0.546454378
0.510349892
0.609753328
0.1879959
0.47669377
0.660974144
0.407257477
0.528110076
0.485593954
0.667108955
0.64411707
0.533717628
0.725935902
0.631612531
0.625738829
0.675547108
0.638924072
0.541037278
0.576434123
0.567531226
0.602762872
0.558611064
0.544548503
0.521729422
0.606053745
0.591807167
0.438046146
0.52523359
0.628915049
0.574263679
0.396165926
0.685360114
0.527072379
0.451939817
0.372464604
0.693521801
0.567403262
0.672668519
0.488778572
0.378549188
0.493420391
0.728488623
0.173614192
0.726908743
0.518047962
0.565827628
0.261656952
0.541037278
0.713546377
0.503669935
0.293170831
0.881106506
0.258917767
0.104599215
0.267285181
0.542916403
0.428301923
0.431351892
0.771309588
0.802123269
1
0.450873433
0.803869049
0.683898396
0.553436224
0.804770498
0.476520538
0.57779063
0.782052212
0.592718767
0.482637703
0.542760674
0.596180514
0.525577047
0.602932982
0.595861423
0.571779376
0.616052611
0.5953606
0.488574708
0.67174007
0.461850151
0.618892504
0.574737178
0.677259075
0.567737076
0.654338245
0.62215449
0.343301103
0.611037318
0.572577573
0.53275216
0.542695088
0.416713331
0.596131928
0.266430128
0.623889743
0.350871306
0.36068816
0.260814863
0.859024723
0.961444361
0.552766621
0.584574176
0.479234954
0.55612365
0.66497375
