// 1/3/02 - 10/15/02
// IBM
0.50310842
0.461413273
0.411743645
0.352667383
0.292549556
0.240796797
0.202063601
0.1634606
0.135956775
0.111870586
0.08648244
0.074471894
0.097744361
0.137714416
0.176740553
0.214106695
0.253458321
0.304657748
0.361846174
0.405136217
0.419457735
0.440289034
0.441786284
0.422094197
0.408456205
0.402337011
0.383002962
0.357061485
0.313055366
0.289001725
0.298798945
0.329655307
0.370308889
0.416918921
0.471894021
0.512254663
0.570972887
0.634703642
0.690752856
0.735409953
0.752725971
0.748852651
0.732024867
0.719265697
0.697067344
0.669986655
0.629170328
0.579891287
0.540995346
0.500602155
0.470754809
0.444780783
0.423689093
0.395273899
0.326074928
0.272922566
0.233180353
0.188913843
0.141359893
0.092829476
0.057611561
0.025876379
0.011685057
0
0.032711649
0.090583602
0.133906194
0.187318947
0.246915991
0.302053836
0.351105035
0.397454676
0.430198874
0.445399212
0.433421215
0.396478209
0.384630407
0.370732025
0.346157602
0.343521141
0.353871692
0.362464603
0.369299873
0.398593887
0.449598021
0.511050353
0.551345897
0.57891482
0.612114702
0.628128763
0.621033102
0.608111187
0.591185757
0.561338411
0.531881652
0.494938645
0.458190932
0.433453764
0.398561338
0.365979885
0.343716434
0.334700387
0.32809296
0.341210168
0.354913257
0.348208183
0.33134785
0.314389871
0.310972236
0.30905185
0.315529082
0.326107476
0.334179605
0.317058881
0.296260131
0.297985223
0.327669824
0.36226931
0.393255867
0.416886372
0.437229437
0.443446278
0.452234482
0.470396771
0.508316245
0.53728477
0.541646324
0.526283241
0.509455457
0.512091918
0.511375842
0.50431273
0.513654266
0.525957752
0.520424438
0.501188035
0.482765355
0.479477916
0.491358266
0.498681769
0.503499007
0.521368356
0.532434984
0.532207141
0.537870651
0.565667415
0.615369593
0.682485434
0.734173095
0.769911792
0.804901865
0.825440224
0.832666081
0.850470332
0.853822869
0.839501351
0.799726589
0.729388406
0.651140839
0.57891482
0.511798978
0.458809361
0.418481268
0.381342968
0.34798034
0.330859617
0.320509065
0.331478046
0.350877193
0.351397975
0.349900726
0.342284282
0.309898122
0.285909579
0.266087296
0.240210917
0.20802005
0.183543274
0.153207695
0.151189662
0.151384956
0.160401003
0.187839729
0.213585913
0.235556424
0.279204505
0.335351365
0.40474563
0.456335644
0.528333822
0.601406113
0.686065814
0.764020441
0.836376656
0.909481496
0.958565244
0.989747095
1
