0
0.000332116
0.000664231
0.000929924
0.001262039
0.001594155
0.001793424
0.002059117
0.002191963
0.002457655
0.00298904
0.003454002
0.003918964
0.004450349
0.004782464
0.00511458
0.005513119
0.006376619
0.006841581
0.00704085
0.007306543
0.007705081
0.008236466
0.008767851
0.00916639
0.009764198
0.010428429
0.010893391
0.011424776
0.011756891
0.012487546
0.012952507
0.013151777
0.013683162
0.014413816
0.014812355
0.015543009
0.015941548
0.016605779
0.016937894
0.017668549
0.01833278
0.018864165
0.01919628
0.019594819
0.020126204
0.021056128
0.021653936
0.022118897
0.022451013
0.022849552
0.023048821
0.023380937
0.023912321
0.024642976
0.025506476
0.026037861
0.026502823
0.027233477
0.028030555
0.028694786
0.029558286
0.030156094
0.030953172
0.031816672
0.03241448
0.033145135
0.034407174
0.035137828
0.036731983
0.037994022
0.038990369
0.039986715
0.041846563
0.042776486
0.043839256
0.045765526
0.047027566
0.047691797
0.048555297
0.049219528
0.050282298
0.050813683
0.05181003
0.053470608
0.055463301
0.05991365
0.062437728
0.064496845
0.068349386
0.071736964
0.073862504
0.075456659
0.076917967
0.079574892
0.08635005
0.091331783
0.094254401
0.096047825
0.100564596
0.104882099
0.109465294
0.114114912
0.118033876
0.120159415
0.130654268
0.131052806
0.13796081
0.140019927
0.141016274
0.143806045
0.144603122
0.155363667
0.166190634
0.173364331
0.176419794
0.18977084
0.197608768
0.20192627
0.210428429
0.214347393
0.219461973
0.226037861
0.234274327
0.239920292
0.244171372
0.256791764
0.268747924
0.274991697
0.291398207
0.294785785
0.295782132
0.330388575
0.357223514
0.375091332
0.391763534
0.403254733
0.429624709
0.457655264
0.474925274
0.520557954
0.538558618
0.581069412
0.619262703
0.644038525
0.656193955
0.698173364
1
