101
// ATVI
11.12
11.21
11.13
11.24
11.35
11.29
10.75
10.82
10.93
10.94
11.02
10.9
10.8
10.82
11.16
11
10.82
10.87
// ADBE
29.31
32.86
32.2
32.24
32.47
32.76
32.85
32.78
33.11
32.94
26.67
26.41
26.88
26.88
26.28
26.04
26.15
26.27
// AMZN
139.14
140.38
142.44
145.07
145.75
145.45
148.13
148.32
151.3
150.73
151.83
152.85
160.73
159.37
159.7
158.99
157.06
153.71
// AAPL
262.92
263.07
263.41
267.04
268.06
270.22
276.57
275.37
283.23
283.77
287.75
288.92
292.32
291.16
286.86
287.37
283.75
282.52
// AMAT
10.58
10.78
10.68
10.78
11.11
11.04
11.08
11.02
11.16
11.25
11.16
11.29
11.63
11.54
11.73
11.68
11.68
11.71
// BRCM
33.55
33.95
33.86
35.37
35.49
35.39
35.35
34.16
33.7
33.37
32.41
32.35
33.87
33.85
34.64
35.09
35.39
34.72
// CSCO
20.64
20.61
20.62
21.26
21.45
21.59
21.93
21.86
21.75
21.64
21.67
21.53
22.09
22.11
21.86
21.87
21.9
21.91
// DELL
12.54
12.38
12.06
12.31
12.38
12.3
12.42
12.45
12.67
12.6
12.38
12.15
12.65
12.64
12.71
12.99
12.97
13.04
// EBAY
24.57
24.3
24.1
24.3
24.25
24.19
23.9
24.22
24.65
24.74
24.34
24.25
24.74
24.77
24.87
24.99
24.4
24.46
// GOOG
470.58
476.18
476.14
482.27
480.43
480.64
481.06
490.15
508.28
513.46
516
513.48
527.29
530.41
527.17
527.69
525.79
525.62
// INTC
17.9
18
17.97
18.56
18.74
18.72
18.97
18.81
18.93
19.14
19.01
18.98
19.42
19.24
19.51
19.24
19.2
19.32
// MSFT
23.93
24.01
23.85
25.11
25.03
25.12
25.33
25.22
25.43
25.15
24.61
24.43
24.78
24.73
24.68
24.5
24.49
24.38
// ORCL
24.14
24.33
25.05
25.11
25.38
25.74
25.36
27.48
27.49
26.82
27.2
27.12
26.96
26.95
27.19
27.17
26.85
27.24
// QCOM
40.92
40.9
40.42
41
41.11
41.98
41.97
42.53
43.01
43.51
43.3
43.65
44.55
44.59
44.07
44.31
45.13
44.26
// RIMM
44.67
45.02
44.12
44.15
45.1
45.52
46.49
46.72
45.14
47.14
47.63
47.32
48.87
48.36
46.91
48.36
48.69
50.21
// XLNX
25.13
24.76
24.67
25.28
26.13
26.06
26.27
26.45
26.18
26.02
25.33
25.34
26.54
26.18
26.81
27.05
26.64
26.35
// YHOO
13.75
13.65
13.68
13.73
13.63
14.27
14.19
13.89
13.86
14.18
14.04
14.17
14.5
14.28
14.39
14.34
14.17
14.27
// ALTR
27.06
26.3
26.21
26.67
27.67
27.84
28.15
28.7
28.8
28.4
27.25
27.49
29.11
29.06
30.36
30.62
30.16
30.09
// AMGN
52.94
53.79
54.35
54.4
54.52
55.3
55.1
55.22
55.94
55.75
56.27
55.72
56.32
55.69
56
54.94
55.11
55.51
// APOL
46.05
46.89
47.56
47.88
47.74
48.66
48.34
49.1
51.66
50.37
50.45
50.79
50.53
49.32
49.8
50.29
51.35
51.93
// ADSK
30.07
30.38
30.96
31.96
32.31
32.49
32.73
32.56
33.44
33.07
31.66
31.22
31.97
31.79
32.34
31.94
31.97
31.88
// ADP 
39.66
39.92
40.1
40.41
40.55
41.2
41.13
41.33
42.03
41.76
41.91
41.62
42.64
42.1
42.48
42.12
42.03
41.82
// BIDU
84.19
83.83
84.33
86.26
86.33
86.3
86.09
85.73
89.87
91.19
91.81
95.03
97.83
103.82
102.04
103.72
102.62
98.8
// BBBY
39.23
39.47
40.35
41.15
41.49
41.67
41.79
41.1
41.96
41.96
42.05
43.4
43.72
43.32
43.73
43.54
43.41
43.4
// BIIB
57.15
57.01
57.68
57.81
57.91
58.42
57.67
57.92
57.8
58.23
54.86
55.24
56.42
54.79
55.42
55.36
56.12
56.53
// BMC 
38.68
38.79
38.92
39.58
39.33
39.15
39.09
39.35
39.82
39.6
39.67
39.53
40.66
40.7
41.08
41.05
40.48
40.98
// CHRW
67.67
67.69
67.5
68
68
68.21
67.84
68.45
68.79
68.84
68.08
67.11
68.6
68.69
69.41
69.57
69.92
69.64
// CA o
19.3
19.36
19.78
20.17
19.96
20.19
20.23
20.44
20.71
20.62
20.65
20.68
21.15
20.91
21.19
21.24
21.12
21.25
// CELG
53.98
53.89
55.45
54.64
54.32
54.91
54.83
55.25
56.02
56.85
56.92
57.03
58.46
57.64
58.28
57.43
57.61
58.1
// CEPH
60.58
60.69
61.62
61.63
61.6
62.52
62.16
62.26
63.56
63.15
62.82
62.76
63.87
63.64
64.19
63.17
62.44
62.97
// CERN
78.28
78.48
79.63
80.38
79.85
79.52
79.22
79.18
80.59
80.64
79.52
78.49
79.96
79.99
81.48
82.51
83.99
85.03
// CHKP
34.04
34.07
34.54
35
35.21
35.5
35.54
35.08
35.41
34.98
34.3
34.01
34.52
34.86
35.51
36.4
36.93
36.91
// CTAS
26.99
27.11
27.44
27.73
27.83
27.87
27.6
27.71
28.12
27.88
27.38
27.14
27.72
27.33
27.48
27.45
27.55
27.48
// CTXS
63.52
62.79
63.69
65.68
67.4
66.96
67.03
68.21
70.09
69.21
67.28
68.43
70.55
69.48
71.06
70.21
68.24
67.94
// CTSH
63.26
61.74
62.56
63.89
64.22
63.42
63.53
64.11
64.19
63.49
62.43
63.13
64.22
63.84
65.17
64.76
64.47
65.8
// CMCS
17.92
17.98
18.4
18.42
17.79
18.04
17.57
17.64
18.1
18.13
17.95
17.92
18.57
18.31
18.34
18.15
18.08
17.82
// COST
59.21
58.94
59.54
60.05
61.04
61.19
61.24
61.29
61.28
61.27
62.33
62.5
64.05
63.73
65
64.67
64.49
65.05
// XRAY
29.22
29.65
29.87
30.08
30.18
30.58
30.42
30.66
30.92
30.7
30.69
30.68
31.6
31.36
31.77
31.87
31.97
31.96
// DTV 
39.77
39.8
40.04
40.39
40.68
40.99
41.22
41.67
41.59
41.55
41.74
41.75
41.94
41.87
41.98
41.99
41.63
41.83
// DISH
18.37
18.45
18.65
18.6
18.58
18.68
18.69
18.77
18.92
18.78
18.89
18.72
19.29
19.11
19.14
19.34
19.21
19.33
// ERTS
16.25
16.28
16.24
16.53
16.71
16.64
16.38
16.26
16.35
16.29
16.15
16.16
16.46
16.57
16.55
16.23
16.45
16.44
// EXPE
25.19
25.54
25.86
26.5
26.84
26.66
27.69
28.76
28.85
28.65
28.4
28.31
29.64
29.29
29.01
28.41
28.23
27.71
// EXPD
43.22
42.98
43.65
44.55
44.29
44.55
43.99
44.2
44.97
45.28
44.93
44.06
45.6
45.56
46.28
46.53
46.23
46.13
// ESRX
44.33
44.93
45.68
46.3
46.15
46.79
46.03
46.37
47.67
47.55
48.03
48.9
49.6
48.89
49.04
48.98
48.7
48.83
// FAST
49.7
50.32
50.92
51.62
51.63
51.69
51.17
51.54
52.21
52
52.18
51.94
53.41
52.86
53.8
53.65
53.19
53.38
// FSLR
137.25
138.34
138.41
138.85
141.27
140.26
144.74
144.88
145.82
146
143.55
143.23
147.09
147.91
148.52
149.27
147.35
147.23
// FISV
51.99
52.23
52.7
53.36
53.52
53.8
53.41
53.56
54.27
54.04
53.77
53.91
55.08
54.18
53.99
53.55
53.82
53.5
// FLEX
5.46
5.56
5.52
5.63
5.58
5.71
5.62
5.55
5.87
5.84
5.69
5.67
5.96
5.99
5.96
6.07
6.04
6.04
// FLIR
26.36
26.19
26.83
27.24
27.34
27.43
27.2
27.24
27.76
27.66
27.34
26.81
27.11
27
25.99
26
25.7
25.74
// FWLT
23.19
23.42
23.9
23.99
24.4
24.38
24.18
24.19
24.62
25.22
24.93
24.27
24.13
23.76
25.19
25.24
24.46
24.3
// GRMN
27.88
27.99
27.82
29.76
29.83
29.68
29.68
29.64
30.88
30.14
29.83
30.3
31.6
30.68
30.68
30.64
30.35
29.98
// GENZ
70.47
70.63
70.79
70.29
70.24
70.39
70.35
70.15
70.75
70.69
71.2
71.15
71.6
71.2
71.5
71.12
70.79
70.88
// GILD
33.91
34.05
34.39
34.39
34.51
34.84
34.97
34.56
35.59
35.9
36.01
35.78
36.55
35.86
36.14
35.87
35.61
35.76
// HSIC
55.03
55.51
56.16
56.78
56.99
57.23
57.17
56.35
57.19
56.66
56.68
56.22
57.33
57.06
57.59
57.61
58.58
57.95
// HOLX
14.99
15.22
15.26
15.61
16.34
16.34
16.33
16.54
16.42
16.04
15.42
16.26
16.66
16.45
16.26
16.07
16.01
16.12
// ILMN
45
45.01
45.04
44.54
46.02
46.98
48.95
48.3
49.23
49.65
49.41
49.59
50.17
49.52
49.95
50
49.2
49.09
// INFY
61.63
61.84
62.33
64.71
65.11
64.76
64.91
65.07
66.16
65.88
65.54
65.41
66.88
66.13
67.24
67.13
67.31
70.52
// INTU
44.33
43.98
43.47
44.08
43.9
44.1
44.87
44.88
45.52
45.83
45.69
45.07
45.46
44.96
44.81
44.45
43.81
44.91
// ISRG
280.22
282.86
280.03
279.36
285.91
293.74
292.25
295.77
306.34
305.14
301.2
299.05
305.58
290.26
290.03
286.98
283.74
289.61
// JBHT
34.38
34.03
34.02
34.74
34.77
35.19
35
35.26
35.33
35.57
35.38
34.66
36.13
35.12
35.39
35.3
34.7
34.54
// JOYG
65.32
64.6
64.86
66.59
65.65
66.2
66.06
67.23
68.99
68.97
69.59
67.87
70.46
70.81
70.71
70.83
70.32
70.02
// KLAC
28.76
28.91
28.43
29.29
29.81
30.01
31.08
31.05
31.55
32.29
32.01
32.81
33.45
33.81
34.9
35.12
35.23
35.01
// LRCX
36.6
36.53
36.24
37.7
38.63
39.29
39.48
39.16
39.76
39.86
39.13
39.39
41.55
41.29
42.52
42.57
41.85
42.19
// LINT
11.52
11.66
11.87
12.22
12.46
12.6
12.43
12.6
12.82
12.77
12.69
12.77
13.31
13.25
13.79
13.84
13.71
14.21
// LIFE
45.53
46.4
46.91
47.63
47.55
47.45
47
46.51
47.12
47.67
47.69
47.75
48.4
47.62
47.91
47.61
46.69
46.88
// LLTC
30.62
30.67
29.98
30.57
31.15
31.3
31.64
31.53
31.71
30.56
29.99
30.38
31.41
30.49
30.99
31.04
30.73
30.04
// LOGI
15.99
15.81
15.51
16.09
16.34
15.82
15.64
15.39
15.69
15.8
15.75
15.51
15.94
15.93
16.4
16.85
17.43
17.36
// MRVL
17.39
17.4
17.02
17.47
17.44
17.32
17.32
17.91
17.68
17.54
17.22
17.35
17.72
17.43
17.5
17.7
17.51
17.5
// MAT 
21.69
22.02
22.04
22.05
21.85
22.14
22.38
22.59
23.1
22.95
23.02
23.22
23.76
23.3
23.66
23.55
23.46
23.61
// MXIM
16.62
16.62
15.99
16.44
16.84
16.75
16.82
16.91
17.2
17.38
17.1
17.48
17.96
17.81
18.26
18.69
18.51
18.46
// MCHP
28.65
29.04
28.04
28.88
29.34
29.2
29.37
29.72
30.29
30.18
29.46
29.46
30.61
30.8
31.33
31.56
31.45
31.41
// MICC
98.66
98.52
98.25
97.71
98.76
98.7
99.05
98.51
100.24
100.88
100.31
98.19
100
98.7
98.1
97.05
95.95
96.1
// MYL 
17.57
17.7
17.9
17.95
18.02
18.02
18.15
18.2
18.4
18.3
18.37
18.45
18.92
18.65
18.8
18.8
18.81
18.9
// NTAP
46.43
46.33
46.33
48.1
48.12
49.3
48.68
49.04
49.67
48.2
48.45
48.29
50.39
49.39
51
50.81
49.79
48.64
// NWSA
13.18
13.42
13.51
13.82
13.81
13.74
13.54
13.53
13.99
13.82
13.5
13.46
13.99
13.59
13.61
13.19
13.06
13.24
// NIHD
38.18
37.97
39.54
39.2
39.01
39.88
40.4
41.38
42.03
41.72
40.27
41.45
42.34
41.77
41.71
41.18
41.1
42.31
// NVDA
10.32
10.18
10.07
10.64
10.54
10.56
10.57
10.55
10.71
11.29
11.39
11.62
12.26
12
11.97
11.88
11.68
11.35
// ORLY
50.26
50.16
50.12
51.18
51.08
51.52
51.66
51.95
52.66
52.39
53.34
52.73
53.47
52.99
53.9
54.07
53.2
53.36
// PCAR
44.74
44.33
44.93
45.44
45.44
45.37
45.3
45.5
46.99
46.85
46.72
46.35
47.69
46.92
47.47
47.6
48.15
48.28
// PDCO
26.23
26.41
26.62
26.97
27.11
27.54
27.62
27.15
27.76
27.95
27.77
27.46
28.1
28.03
28.34
28.45
28.65
28.64
// PAYX
25.76
25.79
25.85
25.98
25.85
25.87
25.87
25.95
26.66
26.35
26.5
26.25
27.23
26.93
27.17
27.25
27.49
27.26
// PCLN
328.77
323.8
323.15
330.3
334.77
332.06
332.38
334.95
347.46
341.02
338.15
337.2
344.27
345.16
349.93
348.13
348.34
337.82
// QGEN
18.67
18.85
18.89
19.12
19.13
19.16
19.04
18.8
18.76
18.52
18.47
18.07
18.08
17.92
18.23
18.13
17.74
17.89
// ROST
51.77
51.75
52.15
52.93
53.65
54.06
53.99
53.91
54.53
53.89
54.86
55.89
56.44
55.43
56.15
55.66
54.66
55.02
// SNDK
37.51
37.95
36.94
38.79
39.51
39.73
39.31
38.12
37.76
35.47
35.75
35.28
35.85
35.89
35.98
37.64
36.65
37.03
// STX 
11.04
11.03
10.75
11.24
11.11
11.39
11.3
11.16
11.29
11.43
11.1
11.09
11.62
11.55
11.69
12.01
11.78
11.69
// SHLD
65.27
64.91
66.8
68.09
69.38
69.41
68.84
66.83
68.1
68.15
71.77
70.95
75.13
72.5
73.02
72.37
72.14
69.72
// SIAL
56.76
56.73
56.97
57.95
57.85
58.4
58.82
58.88
59.62
59.49
59.76
59.13
60.67
60.32
61
60.71
60.38
60.72
// SPLS
19.04
19.07
19.44
19.55
19.66
19.71
19.39
19.49
19.68
19.81
19.81
20.02
20.59
20.56
20.82
20.65
20.92
20.72
// SBUX
24.78
24.83
25.4
25.75
25.78
25.75
25.73
25.53
26.28
26.16
25.93
25.45
26.13
26.15
26.14
25.8
25.55
25.94
// SRCL
67.49
68.13
69
69.33
69.86
70.09
69.66
69.97
69.78
70.36
70.19
68.61
69.86
68.57
68.95
69.75
69.48
70.73
// SYMC
14.58
14.62
14.86
15.01
15
14.99
14.94
14.98
15.09
15.06
14.91
14.91
15.14
15.42
15.55
15.61
15.13
15.4
// TEVA
54.31
54.23
54.15
54.31
54.6
54.26
53.34
53.48
54.56
55.52
54.94
54.29
54.78
53.63
53.61
52.59
52.75
53.52
// URBN
33.34
33.32
33.18
33.71
34.76
34.97
34.82
34.11
34.13
33.61
33.4
33.43
34.67
34.37
34.87
31.96
31.44
31.47
// VRSN
30.49
30.65
30.87
31.57
31.29
31.37
31.37
31.45
32.11
31.85
31.89
31.43
31.63
31.57
31.48
31.61
31.74
31.71
// VRTX
36.05
35.89
36.47
36.75
37.44
37.24
36.79
36.25
36.5
36.22
36.17
36.12
36.88
35.69
35.53
34.94
34.57
34.42
// VMED
20.97
21.44
21.73
21.76
21.75
21.76
21.75
21.7
22
21.96
21.92
22.17
22.74
22.67
22.91
22.88
23.06
23.35
// VOD 
24.76
24.81
24.78
24.84
25.05
25.28
25.2
25.28
25.77
25.7
25.62
25.41
25.69
25.36
25.3
25.19
24.81
25.3
// WCRX
29.28
21.63
22.03
21.99
21.94
22.28
22.17
22.75
23.35
22.96
22.78
22.47
22.6
22.5
22.46
22.47
22.44
21.53
// WYNN
88.42
88.84
89.55
90.88
90.13
90.28
89.81
91.91
94.93
92.73
91.18
87.05
90.2
87.12
87.64
86.48
86.77
87.09
// QQQQ
46.25
46.43
46.6
47.25
47.45
47.75
47.94
47.99
48.83
48.82
48.69
48.67
49.66
49.39
49.37
49.29
49.07
49.01
