4
// var0
0
0.049958375
0.099667995
0.148885034
0.19737532
0.244918662
0.291312612
0.336375544
0.379948962
0.421899005
0.462117157
0.500520211
0.537049567
0.571669966
// var1
0
0.049979169
0.099833417
0.149438132
0.198669331
0.247403959
0.295520207
0.342897807
0.389418342
0.434965534
0.479425539
0.522687229
0.564642473
0.605186406
// var2
1
0.99875026
0.995004165
0.988771078
0.980066578
0.968912422
0.955336489
0.939372713
0.921060994
0.900447102
0.877582562
0.852524522
0.825335615
0.796083799
// var3
0
0.049916708
0.099334665
0.147760103
0.194709171
0.239712769
0.282321237
0.322108844
0.358678045
0.391663455
0.420735492
0.44560368
0.466019543
0.481779093
