Values for this matrix:
Row: 0
-0.111804559465 0.00914029358806 0.209006012146 0.190481276894 0.195852534562 -0.248435926389 -0.395229956969 0.276573992126 
Row: 1
-0.310510574664 0.298394726402 0.0316324350719 0.343012787255 -0.197317423017 -0.0393230994598 0.220816675314 -0.297601245155 
Row: 2
-0.42135380108 0.165822321238 -0.281182287057 -0.270836512345 0.351710562456 0.0385906552324 0.269127475814 0.340235602893 
Row: 3
0.430204168828 -0.0235145115513 0.210837122715 0.422757652516 -0.0618457594531 -0.24953459273 0.301873836482 -0.00938444166387 
Row: 4
0.471160008545 0.162312692648 -0.128162480544 0.350611896115 -0.277245399335 -0.210165715506 -0.288811914426 0.0593127231666 
Row: 5
-0.261711478011 -0.148762474441 -0.396694845424 -0.0471053193762 -0.0486007263405 -0.280083620716 -0.095049897763 0.0297402874844 
Row: 6
-0.339777825251 0.120960112308 0.0822321237831 0.468352305673 0.099475081637 -0.45980712302 -0.392513809626 -0.439207129124 
Row: 7
-0.235862300485 -0.12202826014 0.12431714835 -0.155873287149 0.141621143223 -0.122333445235 0.285576952422 0.209463789789 
Row: 8
-0.49185155797 0.36138492996 0.172383800775 0.271385845515 -0.0538804284799 -0.196798608356 -0.301110873745 -0.221671193579 
Row: 9
0.238120670186 0.271813104648 -0.0903195287942 0.34505752739 -0.205587939085 0.273247474593 -0.423856318857 0.28856776635 
Row: 10
0.269737846004 -0.474578081606 -0.00202948088015 -0.150868251595 0.025742362743 0.195791497543 0.415707876827 -0.422849208045 
Row: 11
0.095629749443 -0.367336039308 -0.0589465010529 0.167043061617 -0.193380535295 0.122241889706 0.411221655934 -0.480010376293 
Row: 12
-0.282708212531 -0.297753837703 0.0728324228645 0.316400646992 0.0253151036103 -0.436552018799 -0.497344889676 -0.12083803827 
Row: 13
0.10222174749 0.0701467940306 -0.329309976501 -0.39053010651 0.311487166967 -0.0686819055757 -0.447965941343 -0.224112674337 
Row: 14
-0.234183782464 -0.446714682455 0.193929868465 -0.0616931669057 0.180593279824 0.105182042909 -0.355922116764 -0.212057863094 
Row: 15
0.478576006348 0.328699606311 -0.353328043458 -0.31536301767 0.303521835994 -0.376888332774 -0.487975707266 -0.327509384442 
Row: 16
0.0978576006348 0.437223426008 0.0665150914029 0.25539414655 -0.0989257484664 0.498535111545 0.0886104922636 -0.286370433668 
Row: 17
-0.474761192663 -0.0875118259224 0.137653736991 0.242606891079 0.263573107089 -0.338709677419 0.181478316599 -0.304834131901 
Row: 18
-0.211569566942 -0.465117343669 -0.070940275277 0.208670308542 0.395260475478 0.0244911038545 0.274376659444 0.498107852412 
Row: 19
0.248130741295 0.210440382092 -0.24199652089 0.0964232306894 -0.216147343364 0.175527207251 0.452604754784 0.323450422681 
Row: 20
-0.0697195348979 -0.0253761406293 0.178182317576 0.264427625355 0.295312356944 -0.307367168188 0.45400860622 -0.460234382153 
Row: 21
-0.0169835505234 -0.378688924833 0.0929136020997 0.146992400891 0.192953276162 0.0864436780908 -0.155415509507 0.155995361187 
Row: 22
0.258659627064 -0.0431989501633 -0.00630207220679 -0.460600604266 0.282311471908 0.366084780419 0.319513534959 -0.0811944944609 
Row: 23
0.0208288827174 -0.321436201056 0.323175756096 -0.491912594989 0.180593279824 0.230796227912 0.128620258187 0.0355998413038 
Row: 24
-0.223593859676 -0.120777001251 -0.0363322855312 -0.0742667928098 -0.288842432936 -0.113696707053 -0.372585222938 -0.478118228706 
Row: 25
0.232596819971 0.175435651723 -0.149708548235 -0.368556779687 0.423062837611 0.486266670736 -0.0472273934141 0.174214911344 
Row: 26
0.378933072909 0.461851863155 -0.290673543504 0.215933713797 0.2355876339 0.198507644887 -0.176320688498 0.167500839259 
Row: 27
-0.305658131657 0.289941099277 -0.078508865627 0.431638538774 0.207785271767 -0.103411969359 0.467101046785 0.277947325053 
Row: 28
0.479216895047 -0.128070925016 -0.489867854854 0.227866451003 0.433103427229 0.476256599628 -0.331324198126 -0.269432660909 
Row: 29
0.312311166723 -0.290185247353 0.254692220832 0.411099581896 0.0586413159581 -0.203451643422 -0.0513779107028 -0.328028199103 
Row: 30
-0.367152928251 -0.150929288614 -0.0712454603717 -0.0701467940306 0.43008209479 0.24666585284 -0.137684255501 0.267845698416 
Row: 31
0.447660756249 -0.242362743004 -0.336451307718 -0.214804528947 0.36080507828 -0.0630970183416 0.426297799615 0.425717947935 
Row: 32
0.162984099857 -0.170003357036 0.436063722648 -0.434415723136 -0.473265785699 -0.484618671224 -0.331141087069 0.142597735527 
Row: 33
-0.458311716056 -0.48425244911 -0.317621387371 -0.392788476211 -0.01426740318 -0.390621662038 0.306024353771 0.477629932554 
Row: 34
-0.214682454909 0.0738090151677 0.0360576189459 -0.220877712333 -0.177877132481 -0.108355967895 -0.457914975433 0.149769585253 
Row: 35
-0.259086886196 -0.0488448744163 0.191213721122 -0.106707968383 -0.0837580492569 -0.228171636097 -0.00431836909085 -0.239616077151 
Row: 36
0.23323770867 -0.213187047945 -0.108966338084 -0.260093997009 -0.160939359722 -0.286950285348 -0.249748222297 -0.359004486221 
Row: 37
-0.478331858272 0.0407269508957 0.0408185064241 -0.252525406659 -0.128498184149 0.173055207984 -0.469908749657 0.32583086642 
Row: 38
-0.117481002228 0.247642445143 -0.0535447248756 0.267876216926 0.149250770592 0.170827356792 0.00102237006745 -0.350520340587 
Row: 39
0.315637684256 -0.10396130253 -0.322412793359 0.486663411359 -0.0680104983673 0.47787408063 0.196066164129 0.469786675619 
Row: 40
0.376705221717 -0.0678884243294 -0.444029053621 -0.0418256172369 -0.00178533280435 0.434659871212 0.066454054384 0.0151219214454 
Row: 41
0.134327219459 -0.111499374371 -0.231315042573 -0.234366893521 0.16451002533 0.392086550493 0.157277138585 -0.142628254036 
Row: 42
0.251823480941 -0.361629078036 0.106494338816 0.306482131413 -0.0697195348979 -0.222251045259 0.408200323496 -0.490600299081 
Row: 43
0.194479201636 -0.225760673849 -0.173024689474 -0.297814874722 0.247154148991 -0.212424085208 0.0793939024018 -0.352168340098 
Row: 44
-0.438566240425 -0.38818018128 -0.356959746086 -0.166188543352 0.413632618183 -0.298089541307 -0.19774468215 -0.0394756920072 
Row: 45
-0.457121494186 -0.180867946409 -0.163991210669 0.00187688833277 0.0944395275735 -0.172780541398 -0.24489577929 -0.380550553911 
Row: 46
-0.498168889431 -0.329889828181 0.493987853633 0.211630603961 0.465239417707 0.0623645741142 -0.035874507889 0.3782616657 
Row: 47
-0.318597979675 -0.0761589403974 -0.124958037049 0.0831781975768 0.482116153447 0.089922788171 -0.271050141911 0.294793542283 
Row: 48
0.0367290261544 0.32818079165 -0.104297006134 0.386684774316 0.275963621937 0.192861720634 0.173726615192 0.0789971617786 
Row: 49
0.192007202368 -0.251213110752 -0.256004516739 0.202444532609 -0.327753532517 -0.304437391278 -0.0774712363048 0.0654164250618 
Row: 50
-0.477507858516 -0.0768303476058 -0.382106997894 -0.29384746849 -0.164571062349 0.0306863612781 -0.099536118656 -0.189138462477 
Row: 51
0.361659596545 -0.160756248665 -0.411435285501 -0.421018097476 0.0384075441755 0.4301126133 0.259269997253 0.317163609729 
Row: 52
0.333063753166 -0.260460219123 -0.41149632252 0.0427411725211 -0.442869350261 0.241660817286 0.428189947203 -0.121387371441 
Row: 53
-0.192526017029 -0.249931333354 -0.474913785211 -0.480040894803 -0.309747611927 -0.12959685049 0.289635914182 -0.445127719962 
Row: 54
0.484954374828 0.134083071383 -0.48138370922 -0.0806756797998 -0.0965758232368 0.345118564409 0.480162968841 0.268547624134 
Row: 55
0.10164189581 0.171071504868 0.265678884243 -0.4545884579 0.0989562669759 -0.490508743553 -0.183980834376 -0.472350230415 
Row: 56
0.262199774163 -0.339289529099 -0.472533341472 -0.365718558306 0.0103915524766 -0.161152989288 -0.155842768639 -0.226371044038 
Row: 57
0.396420178838 0.0517136143071 -0.256950590533 -0.486724448378 -0.2780999176 -0.118732261116 -0.482207708975 0.353724784082 
Row: 58
-0.158467360454 0.195699942015 -0.232413708914 0.38644062624 0.313013092441 0.324243903928 -0.0026093325602 0.118610187078 
Row: 59
0.0491195410016 -0.273766289254 -0.264305551317 -0.255577257607 -0.372127445296 -0.31423383282 -0.423734244819 -0.354670857875 
