Values for this matrix:
Row: 0
-0.0828424939726 0.0625782036805 0.0496993926817 0.399899288919 0.170064394055 -0.368892483291 -0.268486587115 0.0846736045412 0.247154148991 0.0386822107608 0.492828150273 0.147511215552 0.121936704611 -0.0860469374676 0.2996765038 -0.365993224891 0.325952940458 0.157124546037 0.467650379955 0.0491805780206 0.489226966155 -0.0571153904843 -0.222373119297 -0.365199743645 -0.367030854213 0.467864009522 0.359279152806 0.344172490616 0.370509964293 -0.0271462141789 -0.251762443922 0.295373393963 -0.327784051027 0.0723441267129 0.0235755485702 -0.0157322916349 0.351893673513 -0.0785393841365 0.43130283517 0.0385296182134 -0.0707876827296 0.252281258583 0.400631733146 -0.206076235237 0.026322214423 -0.189535203101 0.359126560259 0.474181340983 -0.0469527268288 0.223593859676 0.252800073244 0.255455183569 -0.361659596545 -0.167775505844 0.177541428877 -0.00294503616443 -0.43652150029 -0.484710226753 0.0281838435011 -0.0808587908567 
Row: 1
-0.146534623249 0.0409100619526 -0.428556169317 0.00929288613544 0.182943205054 -0.0265358439894 -0.151203955199 0.438474684896 -0.347285378582 -0.330896938993 0.315820795312 -0.231803338725 0.293511764885 0.390011291849 -0.376064333018 0.230155339213 0.352320932646 0.0691702017273 0.451292458876 -0.141193884091 0.0189977721488 -0.243247779778 0.288354136784 -0.240592669454 -0.252037110508 0.279564806055 -0.41494491409 0.291528061769 -0.167958616901 0.144245735038 0.165578173162 0.450102237007 0.384609515671 0.216330454421 0.316644795068 0.224875637074 0.386013367107 0.205618457595 0.45629749443 0.219779045991 -0.0491805780206 0.48953215125 -0.211355937376 0.31307412946 0.47204504532 0.305627613147 -0.148518326365 -0.360011597034 -0.201620532853 -0.155476546525 0.362514114811 -0.32122257149 0.101214636677 0.274437696463 0.270775475326 -0.278557695242 -0.413144322031 0.228507339702 0.419400616474 -0.489349040193 
Row: 2
-0.28859828486 -0.21346171453 -0.274254585406 0.323908200323 0.053056428724 0.481841486862 0.285821100497 0.286034730064 0.499481185339 0.364803003021 0.308160649434 0.191702017273 -0.0944395275735 -0.345545823542 0.284600360118 -0.381344035157 -0.121814630573 0.00914029358806 0.303216650899 -0.38641010773 -0.155720694601 -0.0526291695914 -0.0895565660573 -0.26879177221 0.0582750938444 0.450651570177 0.427945799127 -0.291802728355 -0.294915616321 0.278923917356 0.130970183416 -0.446867275002 -0.244529557176 0.0303201391644 0.194357127598 0.333857234413 -0.270836512345 0.476287118137 -0.187765129551 0.443113498337 0.0226294747765 0.203146458327 0.397854548784 -0.376003295999 -0.0424054689169 0.0918759727775 0.269707327494 -0.463255714591 0.206534012879 -0.333216345714 -0.269646290475 0.147267067476 -0.24898525956 -0.155262916959 -0.0560472426527 -0.280510879849 0.0301065095981 0.115741447188 -0.481200598163 -0.307428205206 
Row: 3
0.433988464003 -0.313104647969 0.201467940306 0.223899044771 -0.200491348003 -0.38000122074 -0.411832026124 -0.32064271981 0.0645619067965 0.494872890408 0.260399182104 -0.147511215552 -0.264061403241 -0.370876186407 0.249992370373 0.192770165105 0.328913235878 0.386013367107 0.241325113681 -0.174550614948 0.432859279153 -0.398861659597 0.415433210242 -0.356410412915 -0.439237647633 -0.340113528855 0.343195898312 0.253227332377 0.437894833216 0.256309701834 -0.16628009888 0.053758354442 -0.114001892148 0.364803003021 0.143848994415 0.234092226936 -0.0400555436872 0.456205938902 0.455381939146 -0.0337992492447 0.492065187536 0.489013336589 0.0260170293283 -0.423001800592 -0.298760948515 -0.292535172582 -0.0794854579302 -0.0198217719047 0.0226294747765 -0.222678304392 -0.271996215705 0.149037141026 -0.185720389416 0.29091769158 0.17207861568 -0.0886104922636 0.0970641193884 0.172414319285 0.0194860683004 -0.151753288369 
Row: 4
-0.0160374767296 0.0151524399548 0.194174016541 -0.422910245064 -0.0449995422224 -0.118793298135 -0.497711111789 0.201193273721 -0.365535447249 -0.404232917264 -0.124744407483 0.206289864803 0.225821710868 0.0663624988556 -0.46386608478 -0.414426099429 0.261497848445 -0.340907010102 -0.00343333231605 0.474883266701 -0.176808984649 0.162587359233 0.289574877163 0.0780816064943 -0.110858485672 0.371120334483 0.345332193976 0.165791802728 -0.0353556932279 -0.181905575732 -0.0844904934843 -0.0732596819971 -0.348048341319 -0.308648945585 -0.0470748008667 0.454283272805 0.316064943388 0.461058381909 -0.147755363628 -0.351130710776 -0.497955259865 0.25191503647 0.458433790094 -0.182180242317 0.26119266335 0.490874965667 0.249046296579 -0.246452223273 0.041001617481 -0.138813440352 -0.403439436018 -0.428495132298 0.296288949248 0.0947141941588 -0.482940153203 0.0893734550005 0.477019562365 -0.367030854213 -0.188619647816 0.0281228064821 
Row: 5
-0.450560014649 -0.311059907834 0.00514236884671 -0.182973723563 -0.293176061281 -0.259788811914 -0.00590533158361 0.283196508683 0.425412762841 -0.0146641438032 -0.199636829737 0.00703451643422 -0.477111117893 -0.206076235237 0.346736045412 -0.374721518601 0.37478255562 -0.317377239296 -0.345851008637 -0.137684255501 -0.0547349467452 -0.152760399182 0.370204779199 -0.428800317392 -0.211203344829 -0.217001861629 0.0328531754509 -0.434049501022 -0.321314127018 0.0240943632313 -0.0223242896817 -0.474089785455 0.0187841425825 -0.466765343181 0.293481246376 -0.246269112217 -0.305322428053 -0.226676229133 -0.267113254189 0.0679799798578 -0.479369487594 -0.00856044190802 -0.0153355510117 -0.388119144261 -0.0615405743583 -0.25246436964 0.213248084964 -0.140583513901 0.124439222388 0.21813104648 0.2723014008 -0.400326548051 0.16106143376 0.306909390545 0.498321481979 0.181203650014 0.42895290994 0.0928830835902 0.490447706534 -0.202841273232 
Row: 6
-0.123706778161 -0.351863155004 -0.217001861629 0.0930967131565 0.321100497452 -0.244407483139 -0.183095797601 -0.122241889706 0.44289986877 -0.441496017335 0.115863521226 0.219046601764 -0.37945188757 -0.326990569781 0.0742362743004 -0.294152653584 0.271446882534 -0.205435346538 0.26235236671 0.157155064547 -0.150685140538 0.330011902219 -0.344569231239 -0.440397350993 0.1563615833 0.086138492996 -0.306909390545 -0.484984893338 0.12611774041 -0.453917050691 -0.425382244331 -0.0214392529069 -0.266869106113 -0.234824671163 -0.302728354747 -0.430295724357 0.18608661153 0.416776024659 -0.356959746086 0.236198004089 0.0601367229225 0.0198522904141 -0.379207739494 -0.446958830531 -0.474852748192 -0.120136112552 -0.230399487289 0.437620166631 0.325800347911 -0.22682882168 0.229606006043 -0.43829157384 -0.330286568804 -0.0928220465712 0.386837366863 0.242393261513 -0.319513534959 0.187124240852 0.197958311716 0.0924253059481 
Row: 7
-0.429013946959 0.32064271981 0.00157170323801 0.211935789056 0.193807794427 -0.208548234504 -0.278252510147 0.202078310495 0.124805444502 0.233756523331 -0.129200109867 -0.217612231819 -0.0637073885311 0.237662892544 0.256736960967 0.292901394696 -0.184194463942 0.118121890927 -0.197592089602 -0.137897885067 0.186727500229 -0.322260200812 0.381893368328 -0.477446821497 0.487304300058 0.494842371899 0.0809503463851 0.0544602801599 -0.236045411542 -0.231650746178 -0.212454603717 -0.160542619098 0.23555711539 0.250694296091 -0.481536301767 -0.494659260842 0.484160893582 0.299493392743 0.388882106998 -0.357203894162 0.429471724601 -0.420133060701 -0.369747001556 0.376003295999 -0.257499923704 0.448484756005 -0.436033204138 0.0677053132725 -0.144978179266 -0.44988860744 -0.0644093142491 -0.0594958342235 0.220694601276 -0.341090121158 -0.482757042146 -0.104602191229 -0.0151219214454 0.294335764641 0.383602404859 0.308587908567 
