Values for this matrix:
Row: 0
-0.20357371746 -0.0929746391186 0.10628070925 -0.149616992706 0.287316507462 0.384212775048 0.124103518784 -0.447447126682 
Row: 1
-0.396664326914 0.100207525864 0.188802758873 0.104998931852 -0.447843867306 -0.101763969848 0.472594378491 0.386074404126 
Row: 2
-0.186330759606 0.293786431471 0.263389996033 -0.47143467513 0.499664296396 -0.0793328653829 0.252037110508 0.183126316111 
Row: 3
-0.011062959685 0.150776696066 0.298089541307 0.345820490127 0.0690481276894 -0.206228827784 -0.0447553941465 -0.0932798242134 
Row: 4
-0.0840937528611 0.283471175268 -0.462034974212 -0.424619281594 -0.0575121311075 0.256370738853 0.0102389599292 0.339350566118 
Row: 5
0.0480208746605 -0.0706961272011 0.477813043611 0.112170781579 0.298760948515 0.182180242317 -0.434720908231 -0.272606585894 
Row: 6
-0.42834253975 -0.248313852351 0.459471419416 -0.0658742027039 0.192281868954 0.443144016846 -0.100756859035 -0.449095126194 
Row: 7
0.0977965636158 -0.23439741203 -0.105059968871 0.434324167608 -0.443021942808 -0.102435377056 0.456572161016 0.417874691 
Row: 8
-0.021958067568 0.388576921903 0.113727225562 -0.121906186102 -0.164754173406 -0.496429334391 -0.492522965178 0.0838496047853 
Row: 9
0.246421704764 -0.383693960387 -0.164326914274 -0.0150303659169 0.231742301706 -0.442716757714 0.433256019776 -0.403378398999 
Row: 10
0.185567796869 0.323664052248 0.268456068606 -0.36428418836 -0.407650990326 0.0561082796716 -0.363795892209 -0.434476760155 
Row: 11
-0.481872005371 -0.309900204474 -0.169698171941 -0.295525986511 -0.0917844172491 0.186941129795 0.0749992370373 -0.443906979583 
Row: 12
0.223319193091 -0.249076815088 0.497833185827 0.0155796990875 0.444395275735 -0.0603503524888 0.424649800104 -0.390408032472 
Row: 13
-0.0218665120396 0.0726187932981 -0.221701712088 0.425778984954 0.493957335124 -0.154805139317 -0.138203070162 -0.112506485183 
Row: 14
0.223899044771 -0.446165349284 0.307733390301 0.0311441389203 -0.243217261269 -0.16106143376 0.474883266701 0.441099276711 
Row: 15
-0.142353587451 0.351344340342 0.0732291634877 0.499298074282 0.343684194464 0.249015778069 0.29909665212 0.105883968627 
Row: 16
-0.451567125462 -0.069658497879 0.260765404218 -0.473876155889 0.404904324473 -0.09056367687 -0.023178807947 -0.478728598895 
Row: 17
-0.321100497452 0.240775780511 -0.272179326762 0.418179876095 0.384456923124 0.398586993011 0.0426496169927 0.275109103671 
Row: 18
-0.0884578997162 0.0177465132603 0.10106204413 -0.200704977569 -0.101306192206 0.402279732658 -0.166585283975 0.172902615436 
Row: 19
0.380214850307 0.207449568163 0.498931852168 0.443052461318 0.240531632435 0.202230903043 0.0236365855892 -0.367152928251 
Row: 20
-0.49362163152 -0.482116153447 -0.120593890194 0.229422894986 -0.491973632008 0.289269692068 -0.21462141789 0.204947050386 
Row: 21
0.440824610126 0.0947447126682 0.0125888851588 0.227134006775 0.358546708579 0.101550340281 -0.426389355144 0.215689565722 
Row: 22
0.129627368999 0.322046571245 0.0782952360607 -0.0995971556749 0.387478255562 -0.112079226051 -0.463682973724 -0.462340159307 
Row: 23
0.00602740562151 -0.251976073489 -0.111102633747 0.441251869259 0.132282479324 -0.303765984069 -0.450407422102 0.483977782525 
Row: 24
0.306451612903 0.135883663442 -0.263206884976 0.226218451491 -0.298699911496 0.486541337321 -0.122150334178 -0.172261726737 
Row: 25
0.0121311075167 -0.360408337657 -0.132801293985 0.398770104068 0.0278176213874 0.369319742424 0.458952604755 -0.0531479842524 
Row: 26
0.415494247261 0.104632709738 -0.424344615009 -0.424100466933 -0.25130466628 -0.0310220648824 -0.185659352397 0.093188268685 
Row: 27
0.311487166967 0.493774224067 -0.0691091647084 -0.319360942412 -0.291436506241 -0.088061159093 -0.415646839808 -0.212637714774 
Row: 28
-0.185995056001 0.437894833216 0.122272408216 -0.101397747734 0.0885189367351 0.439970091861 -0.31188390759 0.338251899777 
Row: 29
-0.202627643666 -0.0882442701498 0.432554094058 -0.239585558641 0.160115359966 0.148487807855 0.108966338084 0.487365337077 
Row: 30
-0.0372783593249 0.0347453230384 -0.164418469802 0.348536637471 -0.335657826472 -0.150196844386 0.304406872768 0.178579058199 
Row: 31
-0.470763267922 -0.00328073976867 0.218894009217 -0.370754112369 -0.184621723075 -0.438505203406 0.241355632191 0.452513199255 
Row: 32
-0.449156163213 0.108722190008 0.231315042573 -0.0900448622089 -0.0703909421064 -0.380458998383 0.0562913907285 0.466124454482 
Row: 33
-0.142597735527 -0.0211951048311 -0.244254890591 0.420834986419 -0.320520645772 -0.0832087160863 0.340388195441 -0.362727744377 
Row: 34
-0.37884151738 -0.187215796381 0.00675984984893 0.0222022156438 -0.0275124362926 0.265984069338 0.0497299111911 -0.0858027893918 
Row: 35
-0.451750236518 -0.159901730399 0.253166295358 0.0363933225501 0.454893642994 -0.111682485427 0.0403912472915 0.170033875546 
Row: 36
-0.305047761467 -0.135578478347 0.165822321238 0.204794457839 -0.359126560259 0.0265358439894 0.228629413739 -0.277611621448 
Row: 37
-0.0908078249458 -0.0603503524888 -0.209830011902 -0.230185857723 -0.333735160375 -0.316736350597 0.376064333018 -0.0220801416059 
Row: 38
-0.103045747246 0.170491653188 0.144062623981 -0.317835016938 -0.332514419996 0.484374523148 0.499755851924 0.201681569872 
Row: 39
-0.0863521225623 -0.361598559526 0.440183721427 -0.0674611651967 -0.214438306833 -0.332941679128 -0.0925168614765 0.411923581652 
Row: 40
0.0805230872524 0.452360606708 -0.0662404248177 0.00895718253121 -0.205160679952 0.193350016785 -0.142231513413 0.399319437239 
Row: 41
0.326075014496 -0.0756096072268 0.395474105045 0.478576006348 0.357020783105 -0.011764885403 -0.154866176336 -0.128192999054 
Row: 42
-0.0475630970183 -0.129230628376 0.208731345561 -0.305169835505 -0.0999328592792 0.303064058351 -0.489776299326 -0.276116214484 
Row: 43
-0.173116245003 0.0374614703818 0.0926694540239 -0.370540482803 0.122089297159 0.203634754479 0.174916837062 0.43127231666 
Row: 44
0.198080385754 -0.348994415113 0.449522385327 -0.170461134678 0.120227668081 0.1837366863 0.00254829554125 -0.429685354167 
Row: 45
0.137562181463 0.0944395275735 0.337458418531 0.499450666829 0.144550920133 -0.0967894528031 -0.21694082461 0.46273689993 
Row: 46
-0.393795587024 -0.292199468978 0.0681936094241 -0.29207739494 -0.0229346598712 0.0513779107028 0.343104342784 -0.0551011688589 
Row: 47
0.145588549455 -0.285851619007 0.429654835658 -0.279808954131 -0.0645619067965 0.33520004883 -0.418790246284 0.262535477767 
Row: 48
0.194296090579 0.270287179174 -0.466429639576 0.454924161504 -0.497955259865 -0.40737632374 0.128070925016 0.0901974547563 
Row: 49
0.0294656208991 -0.357631153294 0.288262581256 0.0661183507797 -0.422025208289 0.0309610278634 -0.368556779687 -0.324243903928 
Row: 50
0.333155308695 -0.492980742821 0.496124149297 -0.349574266793 0.361598559526 -0.410092471084 -0.33342997528 0.110095522935 
Row: 51
0.383693960387 0.376827295755 -0.423642689291 0.0790276802881 -0.147236548967 0.430173650319 0.271172215949 -0.278588213752 
Row: 52
-0.12782677694 0.151173436689 -0.0872066408277 -0.045426801355 -0.0183568834498 -0.453703421125 0.105639820551 -0.405117954039 
Row: 53
0.343806268502 -0.207876827296 -0.173757133702 -0.306573686941 0.36257515183 -0.494476149785 0.238212225715 0.217215491195 
Row: 54
0.264305551317 0.125202185125 0.172414319285 -0.267509994812 -0.326960051271 0.310602130192 -0.444883571886 0.246116519669 
Row: 55
-0.288659321879 -0.235068819239 -0.435697500534 -0.138599810785 -0.342493972594 0.38818018128 -0.204245124668 0.404812768944 
Row: 56
-0.309045686209 0.166035950804 0.220236823634 -0.320581682791 -0.243583483383 -0.297784356212 0.21285134434 -0.498352000488 
Row: 57
0.0788750877407 -0.201193273721 0.436094241157 0.177571947386 0.359950560015 -0.00779747917112 -0.142536698508 -0.425382244331 
Row: 58
0.187063203833 0.450163274026 -0.316736350597 0.445646534623 -0.312921536912 0.136402478103 0.489471114231 0.160786767174 
Row: 59
-0.0449995422224 -0.350733970153 0.331232642598 -0.495880001221 0.289452803125 -0.359889522996 0.112323374126 -0.309106723228 
