Values for this matrix:
Row: 0
0.23381756035 0.133014923551 -0.347804193243 -0.474242378002 -0.133014923551 
Row: 1
-0.308465834529 -0.0285500656148 0.476073488571 -0.385647144993 -0.312158574175 
Row: 2
0.167744987335 -0.369594409009 0.025162511063 -0.476500747703 0.388332773827 
Row: 3
-0.00901821955016 0.26122318186 -0.292382580035 -0.377925962096 -0.457213049715 
Row: 4
0.0126499221778 -0.265221106601 0.190450758385 0.406002990814 0.165456099124 
Row: 5
-0.292779320658 0.0057832575457 -0.31423383282 0.377315591906 0.232566301462 
Row: 6
0.00367748039186 -0.199514755699 0.217825861385 -0.372127445296 -0.344813379315 
Row: 7
-0.430295724357 0.0294351023896 -0.0381328775903 -0.0342875453963 -0.156666768395 
Row: 8
0.165517136143 -0.0338602862636 -0.134113589892 -0.0472884304331 -0.238761558885 
Row: 9
0.34679708243 0.401944029054 -0.23442793054 -0.305627613147 -0.472228156377 
Row: 10
-0.369350260933 -0.374385814997 -0.108569597461 0.357020783105 -0.373989074374 
Row: 11
-0.0419476912748 -0.364101077303 -0.193350016785 -0.496917630543 -0.177632984405 
Row: 12
0.0347758415479 0.199026459548 -0.134022034364 0.193960386975 0.299249244667 
Row: 13
-0.0113071077609 -0.414304025391 0.254997405927 -0.00352488784448 -0.36718344676 
Row: 14
0.314630573443 0.47671437727 -0.0718558305612 -0.419370097964 -0.356807153539 
Row: 15
-0.226187932981 -0.207998901334 -0.0869319742424 0.305658131657 -0.487609485153 
Row: 16
0.283227027192 -0.335810419019 0.340815454573 -0.347376934111 -0.208731345561 
Row: 17
0.35558641316 -0.38583025605 -0.192434461501 0.348750267037 -0.225302896207 
Row: 18
-0.392422254097 0.498931852168 -0.0115512558367 -0.471251564074 -0.117297891171 
Row: 19
0.391811883908 0.164815210425 0.405178991058 0.124622333445 -0.211172826319 
Row: 20
0.39632862331 0.0699331644642 0.171773430586 0.165486617634 -0.215659047212 
Row: 21
0.135181737724 -0.0616016113773 0.0275429548021 -0.434141056551 0.126911221656 
Row: 22
-0.364162114322 -0.127735221412 0.355098117008 0.384731589709 0.199026459548 
Row: 23
-0.465788750877 0.23094882046 0.424161503952 0.324030274361 -0.303033539842 
Row: 24
0.326654866176 -0.206808679464 0.0235145115513 -0.1476638081 0.0774712363048 
Row: 25
-0.0456099124119 0.105822931608 0.488036744285 -0.217398602252 0.223258156072 
Row: 26
0.484130375072 -0.21520126957 -0.361690115055 0.294915616321 -0.278038880581 
Row: 27
-0.394802697836 -0.102557451094 0.389706106754 -0.278527176733 0.0539719840083 
Row: 28
0.312646870327 -0.450956755272 -0.039780877102 0.392361217078 -0.48138370922 
Row: 29
0.113422040468 0.183126316111 -0.413022247993 -0.489562669759 -0.0874813074129 
Row: 30
-0.0439313943907 0.274956511124 -0.126392406995 0.200308236946 -0.0134434034242 
Row: 31
0.425901058992 -0.0778069399091 -0.135151219214 -0.381405072176 0.482818079165 
Row: 32
0.401882992035 -0.0548570207831 0.407589953307 0.262627033296 -0.0868099002045 
Row: 33
-0.01426740318 0.181264687033 0.397701956236 -0.28798791467 0.260490737632 
Row: 34
0.493682668538 -0.400540177618 0.0432599871822 0.396603289895 -0.122455519272 
Row: 35
-0.474028748436 -0.336268196661 0.430631427961 -0.197866756188 -0.466124454482 
Row: 36
-0.288842432936 -0.173177282022 -0.258049256874 0.0964537491989 -0.425229651784 
Row: 37
0.490417188025 0.26351207007 0.168965727714 -0.0757621997742 0.305291909543 
Row: 38
-0.46444593646 0.282708212531 -0.446897793512 0.229270302438 0.169698171941 
Row: 39
-0.351619006928 0.192861720634 0.476653340251 -0.203024384289 0.0509811700797 
Row: 40
-0.046067690054 -0.179952391125 0.28740806299 -0.183431501205 -0.450041199988 
Row: 41
-0.457182531205 0.0180516983551 -0.36718344676 -0.038438062685 0.0728629413739 
Row: 42
0.096331675161 -0.495971556749 -0.304406872768 -0.170583208716 -0.0553758354442 
Row: 43
-0.377376628925 0.296655171361 0.314142277291 0.152455214087 0.437376018555 
Row: 44
0.266502883999 -0.0228431043428 0.00242622150334 -0.299584948271 0.0481124301889 
Row: 45
-0.109637745293 -0.423673207801 -0.22569963683 0.230521561327 -0.241935483871 
Row: 46
-0.152333140049 -0.0205847346416 -0.369808038575 0.297143467513 -0.333582567827 
Row: 47
0.264213995788 0.40624713889 -0.482787560656 0.0430463576159 -0.0212866603595 
Row: 48
-0.135517441328 -0.0670033875546 -0.362758262886 0.0328836939604 0.107562486648 
Row: 49
0.238914151433 -0.141712698752 0.220938749351 0.186910611286 0.478362376782 
Row: 50
0.482787560656 -0.00703451643422 -0.0869930112613 0.238090151677 0.196188238166 
Row: 51
0.454985198523 -0.0201269569994 -0.100665303507 -0.035294656209 -0.121051667837 
Row: 52
-0.439481795709 0.476805932798 -0.356837672048 -0.49649037141 0.0291909543138 
Row: 53
0.0767998290963 -0.274315622425 -0.0926389355144 -0.0331583605457 -0.494354075747 
Row: 54
-0.354853968932 -0.264244514298 0.106158635212 0.060106204413 -0.472350230415 
Row: 55
0.06202887051 0.372096926786 0.0301370281075 -0.191610461745 0.165059358501 
Row: 56
-0.325464644307 -0.0537888729514 -0.384945219275 0.00404370250557 -0.390804773095 
Row: 57
0.102008117924 0.325159459212 0.171620838038 -0.277306436354 0.383419293802 
Row: 58
0.203207495346 -0.392941068758 0.498657185583 -0.0641956846828 -0.475493636891 
Row: 59
-0.149891659291 -0.279503769036 -0.299768059328 0.0914487136448 0.117450483718 
Row: 60
0.367763298441 0.350154118473 -0.451719718009 -0.0176549577319 -0.298547318949 
Row: 61
-0.340510269478 0.401638843959 -0.0606250190741 -0.304528946806 -0.165822321238 
Row: 62
0.151600695822 -0.365108188116 0.4697256386 -0.162862025819 0.44116031373 
Row: 63
0.0450300607318 -0.118366039003 0.23909726249 -0.37127292703 0.381832331309 
Row: 64
-0.0679494613483 -0.373989074374 -0.308557390057 0.00968962675863 0.141712698752 
Row: 65
0.0942564165166 -0.135944700461 0.15227210303 -0.445097201453 -0.134998626667 
Row: 66
-0.0788445692312 -0.327997680593 -0.47381511887 -0.45107882931 -0.49243140965 
Row: 67
-0.296899319437 -0.0534531693472 0.0927610095523 0.424405652028 0.419095431379 
Row: 68
0.0652943510239 -0.0615405743583 0.275872066408 -0.28334910123 -0.436094241157 
Row: 69
0.426694540239 0.384151738029 0.0966368602557 0.0382244331187 -0.0242469557787 
Row: 70
0.377803888058 -0.476653340251 -0.455290383618 0.0668507950072 0.360377819147 
Row: 71
-0.455900753807 0.367976928007 -0.432309945982 0.0653553880428 0.449278237251 
Row: 72
-0.335444196905 0.42486342967 -0.0964842677084 -0.245078890347 0.140705587939 
Row: 73
0.256614886929 0.309381389813 -0.2111117893 0.418851283303 -0.122302926725 
Row: 74
0.292535172582 -0.338435010834 0.250328073977 0.286523026215 -0.399655140843 
Row: 75
0.402798547319 0.229819635609 0.146809289834 0.398373363445 -0.454191717277 
Row: 76
0.16801965392 0.294640949736 -0.125751518296 -0.0598315378277 -0.221274452956 
Row: 77
0.301904354991 -0.327845088046 0.0738090151677 -0.163228247932 -0.372157963805 
Row: 78
-0.436826685385 -0.313348796045 0.46273689993 0.389767143773 0.258507034516 
Row: 79
-0.0437788018433 -0.309076204718 0.283959471419 -0.228690450758 0.0368205816828 
Row: 80
-0.0230872524186 -0.311639759514 0.233787041841 0.233481856746 -0.199392681661 
Row: 81
0.478240302744 -0.424466689047 -0.408078249458 0.0214087343974 -0.41439558092 
Row: 82
-0.0305642872402 0.185842463454 0.141438032167 -0.165334025086 0.451384014405 
Row: 83
-0.117419965209 0.133381145665 0.0833002716147 -0.379848628193 -0.131366924039 
Row: 84
-0.011123996704 0.202658162175 -0.176381725517 -0.283715323344 -0.355983153783 
Row: 85
-0.0739616077151 -0.262657551805 0.2723014008 0.437925351726 0.0980101931822 
Row: 86
-0.25774407178 0.150288399915 -0.239280373547 0.355128635517 0.00721762749107 
Row: 87
0.107715079196 0.0474715414899 -0.23033845027 -0.316919461653 0.0890377513962 
Row: 88
-0.226126895962 0.487487411115 0.114185003204 0.216147343364 -0.38995025483 
Row: 89
-0.108935819575 0.473693044832 -0.49301126133 0.389126255074 0.319544053468 
Row: 90
-0.270897549364 -0.395474105045 0.0461592455824 -0.123645741142 0.344050416578 
Row: 91
0.296197393719 0.184286019471 0.35616626484 -0.377468184454 0.10573137608 
Row: 92
0.423886837367 -0.177968688009 0.102374340037 -0.261131626331 0.191366313669 
Row: 93
-0.135486922819 -0.0968810083316 -0.336634418775 0.103473006378 0.0732596819971 
Row: 94
0.435972167119 -0.394711142308 -0.39635914182 -0.246971037935 0.380733664968 
Row: 95
0.242393261513 0.00675984984893 0.415189062166 0.33693960387 -0.123798333689 
Row: 96
-0.39223914304 0.075304422132 0.0548265022736 0.363856929228 0.0117954039125 
Row: 97
-0.110553300577 -0.347102267525 0.0906552323984 0.340571306497 0.158894619587 
Row: 98
-0.272240363781 0.265343180639 0.472350230415 0.235648670919 -0.237022003845 
Row: 99
0.318475905637 -0.0287331766717 0.359401226844 -0.257011627552 -0.314050721763 
Row: 100
-0.137653736991 -0.0424665059359 0.378353221229 -0.241874446852 -0.0915097506638 
Row: 101
0.439207129124 -0.151600695822 0.276604510636 -0.454374828333 0.0146641438032 
Row: 102
0.468108157598 -0.0407879879147 0.132312997833 -0.428464613788 0.184560686056 
Row: 103
-0.364955595569 -0.329798272652 0.138660847804 0.31014435255 -0.329767754143 
Row: 104
-0.348811304056 -0.0307473982971 0.398037659841 -0.0337992492447 0.187978759117 
Row: 105
-0.225455488754 -0.333246864223 0.311212500381 0.0840327158422 0.138782921842 
Row: 106
-0.120349742119 0.367030854213 -0.000778221991638 -0.35262611774 0.0856501968444 
Row: 107
0.0712149418622 0.367336039308 -0.240928373058 0.127796258431 -0.263054292428 
Row: 108
0.222067934202 -0.0464949491867 0.325464644307 -0.368739890744 -0.412961210974 
Row: 109
0.185445722831 0.236655781732 0.312982573931 -0.412930692465 0.176931058687 
Row: 110
-0.0932798242134 -0.488219855342 -0.0642567217017 -0.421506393628 -0.490508743553 
Row: 111
-0.17033906064 -0.0431684316538 -0.469176305429 -0.212424085208 0.045426801355 
Row: 112
-0.205404828028 -0.341944639424 0.197103793451 0.304528946806 -0.0296792504654 
Row: 113
0.0239112521744 0.164601580859 -0.0255287331767 -0.0596484267708 0.0820795312357 
Row: 114
0.360774559771 0.447965941343 -0.187368388928 0.151814325388 0.398495437483 
Row: 115
-0.326197088534 -0.122516556291 0.45046845912 -0.139240699484 -0.30141605884 
Row: 116
0.109332560198 0.213522751549 0.0649891659291 -0.00166325876644 0.295098727378 
Row: 117
-0.0658742027039 0.4697256386 -0.116657002472 -0.0539109469893 0.252800073244 
Row: 118
0.130542924284 -0.244254890591 -0.35091708121 -0.471251564074 0.110644856105 
Row: 119
-0.497466963713 0.0132602923673 -0.375545518357 0.253105258339 -0.195883053072 
Row: 120
-0.130970183416 -0.0662099063082 0.220389416181 -0.359736930448 -0.124774925993 
Row: 121
0.18605609302 0.207968382824 -0.225363933226 0.190389721366 0.056321909238 
Row: 122
0.237876522111 0.499206518754 0.365138706626 0.113940855129 0.438535721915 
Row: 123
0.419217505417 0.111316263314 0.139912106693 0.217368083743 -0.438962981048 
Row: 124
0.104297006134 0.344935453352 -0.267998290963 -0.416928617206 0.474913785211 
Row: 125
-0.481292153691 -0.433225501267 0.371608630634 0.146778771325 -0.357387005219 
Row: 126
0.0203711050752 -0.197439497055 -0.323938718833 -0.00386059144871 -0.0889767143773 
Row: 127
-0.0491195410016 -0.251060518204 0.288842432936 0.305871761223 -0.472289193396 
Row: 128
-0.00627155369732 -0.15111239967 0.0800347911008 -0.171712393567 0.263908810694 
Row: 129
0.399868770409 -0.287865840632 -0.0300759910886 0.0476851710562 0.455900753807 
Row: 130
0.222403637806 -0.297143467513 0.161152989288 -0.13191625721 -0.340327158422 
Row: 131
-0.425504318369 0.380642109439 -0.447996459853 0.0433515427107 -0.271782586138 
Row: 132
0.170979949339 -0.0717032380139 0.166829432051 0.11851863155 0.165425580615 
Row: 133
0.107257301553 0.168263801996 0.423001800592 -0.44586016419 0.349085970641 
Row: 134
0.275475325785 0.433347575304 0.0368511001923 -0.169545579394 -0.369258705405 
Row: 135
0.205710013123 0.496337778863 0.249259926145 -0.398129215369 -0.247703482162 
Row: 136
0.0488143559069 0.298272652364 0.486083559679 -0.444883571886 -0.372402111881 
Row: 137
-0.460753196814 0.012344737083 -0.316614276559 -0.24376659444 -0.291039765618 
Row: 138
-0.450651570177 -0.204611346782 -0.332880642109 -0.0124668111209 0.424192022462 
Row: 139
-0.193136387219 0.422330393384 0.261528366955 0.258964812159 -0.493926816614 
Row: 140
0.19246498001 -0.088000122074 -0.268730735191 -0.102069154942 0.350245674001 
Row: 141
0.159443952757 -0.335413678396 -0.442594683676 -0.46566667684 0.496429334391 
Row: 142
-0.144947660756 -0.225608081301 0.340540787988 0.239555040132 -0.459196752831 
Row: 143
-0.229544969024 -0.204031495102 -0.268242439039 -0.079790643025 -0.230643635365 
Row: 144
0.27285073397 0.226126895962 -0.374935148167 0.202261421552 -0.00221259193701 
Row: 145
-0.0172887356182 -0.44466994232 -0.171193578906 -0.186849574267 -0.390438550981 
Row: 146
-0.018814661092 0.0558641315958 0.346766563921 0.179006317331 0.319025238807 
Row: 147
0.234275337992 0.245658742027 0.150502029481 0.487578966643 0.215720084231 
Row: 148
-0.368923001801 -0.368251594592 0.250297555467 -0.0494552446059 0.429929502243 
Row: 149
0.00856044190802 0.450407422102 0.407681508835 -0.260307626576 0.475157933287 
Row: 150
-0.455412457656 -0.401699880978 -0.117175817133 0.496337778863 0.342066713462 
Row: 151
-0.0158543656728 0.306756797998 -0.267571031831 0.354548783837 0.051774651326 
Row: 152
-0.014328440199 0.458281197546 -0.335688344981 0.334284493545 0.481109042634 
Row: 153
0.00770592364269 -0.284295175024 -0.33867915891 0.316156498917 0.27462080752 
Row: 154
-0.063249610889 -0.0808587908567 -0.179006317331 -0.197927793207 -0.402706991791 
Row: 155
0.101275673696 0.105334635456 0.490264595477 -0.190267647328 -0.0681325724052 
Row: 156
0.313531907102 0.45516830958 0.0781426435133 -0.157673879208 -0.180135502182 
Row: 157
0.0686513870663 0.303064058351 -0.417233802301 -0.480986968596 -0.288445692312 
Row: 158
-0.352809228797 0.249473555712 -0.131153294473 0.270805993835 0.168965727714 
Row: 159
0.00956755272073 -0.159108249153 -0.0879390850551 -0.370418408765 0.304406872768 
Row: 160
0.43594164861 0.158986175115 0.38058107242 -0.187551499985 -0.0802179021577 
Row: 161
-0.189718314158 -0.262749107334 -0.0466170232246 0.436307870724 -0.274071474349 
Row: 162
-0.254905850398 0.214377269814 0.153431806391 0.0139011810663 -0.255272072512 
Row: 163
0.0798211615345 -0.401211584826 -0.351588488418 -0.35787530137 -0.153981139561 
Row: 164
0.34099856563 0.0511642811365 0.290002136296 0.101794488357 -0.327173680837 
Row: 165
-0.333521530808 -0.113086336863 0.156178472243 0.452726828822 0.0622425000763 
Row: 166
-0.199819940794 0.194936979278 -0.239463484603 -0.412961210974 -0.281304361095 
Row: 167
0.446684163945 -0.475707266457 0.11561937315 -0.457609790338 0.139973143712 
Row: 168
-0.226310007019 -0.0869319742424 -0.0860774559771 -0.467253639332 -0.323358867153 
Row: 169
0.149616992706 -0.200491348003 -0.204672383801 0.0157933286538 0.0972167119358 
Row: 170
0.0245521408734 0.0280617694632 0.260185552538 -0.461394085513 0.170888393811 
Row: 171
0.194936979278 -0.110858485672 0.421018097476 -0.258690145573 0.25481429487 
Row: 172
0.124469740898 0.284630878628 -0.00178533280435 0.270714438307 -0.273247474593 
Row: 173
0.498535111545 0.382076479385 -0.220908230842 0.0128025147252 -0.166402172918 
Row: 174
-0.0836970122379 0.200308236946 -0.250450148015 0.405423139134 -0.495056001465 
Row: 175
-0.429136020997 0.0816827906125 -0.483153782769 -0.471190527055 0.379818109684 
Row: 176
0.14824365978 0.432859279153 -0.353144932402 -0.210776085696 -0.454680013428 
Row: 177
-0.382473220008 0.209036530656 0.0213476973785 0.290429395428 0.46621601001 
Row: 178
0.186483352153 0.19246498001 0.445219275491 0.0619373149815 0.0257118442335 
Row: 179
0.375667592395 0.0526291695914 -0.0106967375713 0.332789086581 0.17323831904 
Row: 180
-0.455351420637 -0.264061403241 -0.206198309275 -0.420072023682 0.277275917844 
Row: 181
-0.286980803858 0.238181707205 0.418851283303 0.348261970885 0.426450392163 
Row: 182
0.250297555467 0.130359813227 0.354823450423 -0.170644245735 0.236838892788 
Row: 183
0.196249275185 0.246543778802 0.387783440657 0.354915005951 -0.0203100680563 
Row: 184
-0.0693227942747 -0.109729300821 0.208029419843 0.262321848201 -0.214651936399 
Row: 185
-0.466978972747 -0.284081545457 0.260093997009 -0.262657551805 0.311639759514 
Row: 186
0.0642872402112 0.398861659597 0.0605334635456 0.250602740562 0.140980254524 
Row: 187
-0.369289223914 -0.448637348552 -0.497894222846 0.364772484512 -0.427060762352 
Row: 188
0.237388225959 -0.15462202826 0.312860499893 0.250297555467 0.275353251747 
Row: 189
-0.382900479141 0.0535142063662 -0.278008362072 0.195089571825 -0.39458906827 
Row: 190
-0.409848323008 0.374904629658 0.145100253304 -0.0624561296426 0.322809533982 
Row: 191
0.163838618122 0.296502578814 0.493133335368 -0.0666676839503 -0.419522690512 
Row: 192
0.0614795373394 -0.126026184881 -0.398800622578 -0.368007446516 0.282403027436 
Row: 193
0.461821344646 -0.0449079866939 -0.38933988464 0.0476851710562 -0.404751731925 
Row: 194
-0.332789086581 -0.0641651661733 0.291253395184 0.397000030519 0.0965758232368 
Row: 195
-0.150715659047 -0.168965727714 0.282677694021 -0.112811670278 0.245628223518 
Row: 196
0.00355540635395 -0.317194128239 -0.0722220526749 0.418179876095 -0.44991912595 
Row: 197
0.0087130344554 -0.421170690023 0.00276192510758 -0.0885189367351 0.393612475967 
Row: 198
-0.426328318125 -0.10045167394 -0.41320535905 0.240958891568 0.499511703848 
Row: 199
0.454954680013 -0.286614581744 0.110065004425 0.264763328959 -0.315912350841 
Row: 200
-0.47668385876 -0.0288552507096 0.45925778985 -0.1837366863 -0.166646320994 
Row: 201
0.360774559771 0.0128330332347 -0.0567796868801 0.224234748375 0.468871120334 
Row: 202
0.0593737601856 0.0525070955535 0.0656910916471 -0.311395611438 0.411954100162 
Row: 203
0.226889858699 0.0434430982391 -0.339411603137 -0.444425794244 0.291009247108 
Row: 204
0.344447157201 0.34215826899 -0.436002685629 -0.313684499649 0.156331064791 
Row: 205
0.133594775231 -0.153736991485 -0.143818475906 -0.362056337168 -0.407925656911 
Row: 206
0.129749443037 -0.0784173100986 0.0166173284097 -0.235190893277 -0.414181951353 
Row: 207
-0.0706045716727 -0.031510361034 -0.327478865932 -0.495727408673 0.454161198767 
Row: 208
-0.061387981811 -0.0252845851009 0.422879726554 -0.1657002472 -0.443449201941 
Row: 209
0.347621082186 0.118060853908 -0.175191503647 -0.195944090091 -0.393673512986 
Row: 210
0.363582262642 -0.0531479842524 0.0907162694174 0.102679525132 -0.137440107425 
Row: 211
0.316064943388 -0.10573137608 0.429074983978 0.259971922971 0.230521561327 
Row: 212
0.121753593554 -0.0391705069124 -0.358851893674 0.299920651875 -0.15288247322 
Row: 213
0.267509994812 0.423184911649 0.396572771386 -0.417447431867 -0.0756706442457 
Row: 214
0.044785912656 0.210501419111 -0.260948515275 -0.244376964629 0.361690115055 
Row: 215
-0.311059907834 0.432523575549 0.0409405804621 0.152851954711 0.14180425428 
Row: 216
0.292168950468 -0.284630878628 -0.355342265084 0.294701986755 0.426938688314 
Row: 217
0.0953245643483 0.458861049226 0.0701773125401 0.206228827784 0.160786767174 
Row: 218
-0.10975981933 0.378994109928 0.011703848384 -0.0744193853572 -0.0786919766839 
Row: 219
-0.29787591174 -0.384334849086 -0.0732291634877 -0.121234778893 -0.254722739341 
Row: 220
0.342890713218 0.364467299417 0.13951536607 -0.053117465743 -0.328333384198 
Row: 221
-0.0768913846248 -0.208883938108 0.120563371685 0.431028168584 -0.194051942503 
Row: 222
-0.345789971618 0.0140842921232 0.249198889126 0.0132908108768 -0.428067873165 
Row: 223
0.0652943510239 0.410946989349 0.396542252876 0.373561815241 0.136494033631 
Row: 224
-0.221091341899 -0.481536301767 0.417996765038 -0.491180150761 -0.0640125736259 
Row: 225
-0.14824365978 0.12373729667 -0.0824457533494 0.204367198706 0.346339304788 
Row: 226
0.391354106265 -0.0905331583605 -0.302148503067 -0.102557451094 0.324762718589 
Row: 227
0.304132206183 0.0639210180975 -0.254997405927 0.157704397717 0.0395367290262 
Row: 228
0.070940275277 0.336237678152 -0.208609271523 0.184072389904 -0.302148503067 
Row: 229
-0.317987609485 -0.150227362896 0.395596179083 -0.118152409436 -0.261040070803 
Row: 230
-0.341242713706 -0.391048921171 -0.41964476455 -0.151905880917 0.0553758354442 
Row: 231
0.233634449293 0.304040650655 -0.238883632923 0.433256019776 -0.358241523484 
Row: 232
-0.223502304147 0.286217841121 -0.0691702017273 0.229209265419 -0.122699667348 
Row: 233
0.0840632343516 0.168202764977 -0.170613727226 -0.475615710929 -0.354609820856 
Row: 234
0.439237647633 -0.237479781487 -0.347712637715 -0.0183568834498 -0.235221411786 
Row: 235
0.300469985046 -0.0578783532212 0.0596484267708 -0.28627887814 -0.171224097415 
Row: 236
0.460051271096 -0.488464003418 0.397701956236 0.487884151738 -0.140156254769 
Row: 237
-0.348170415357 -0.454222235786 -0.426908169805 0.306543168432 0.331629383221 
Row: 238
0.0659352397229 0.476561784722 -0.223319193091 -0.337336344493 -0.00154118472854 
Row: 239
0.450773644215 -0.107837153233 0.141376995148 0.268730735191 -0.0239722891934 
Row: 240
-0.0569933164464 0.204611346782 0.14473403119 0.0124668111209 0.256401257363 
Row: 241
-0.251670888394 -0.193899349956 -0.0818659016694 -0.432798242134 -0.359462263863 
Row: 242
-0.0693227942747 0.314386425367 -0.452909939879 -0.240562150945 -0.295190282907 
Row: 243
-0.320337534715 0.147877437666 -0.411893063143 0.16393017365 -0.046708578753 
Row: 244
-0.0846430860317 -0.102465895566 0.269127475814 -0.0700552385022 -0.0692617572558 
Row: 245
-0.451780755028 -0.373256630146 -0.273216956084 -0.465330973235 -0.0573290200507 
Row: 246
0.256431775872 0.103686635945 0.490905484176 0.159169286172 0.314477980895 
Row: 247
-0.0814996795557 -0.254264961699 0.298608355968 0.178273873104 0.498352000488 
Row: 248
0.439542832728 0.0754264961699 -0.201284829249 0.208059938353 0.325952940458 
Row: 249
0.184041871395 -0.274071474349 -0.00288399914548 0.256218146306 0.471709341716 
Row: 250
-0.284356212043 0.20647297586 -0.116290780358 0.44933927427 0.321344645528 
Row: 251
0.416318247017 0.245780816065 0.171651356548 0.379360332041 -0.383907589953 
Row: 252
0.378353221229 0.0175023651845 -0.207296975616 0.478179265725 -0.379573961608 
Row: 253
0.401944029054 -0.480010376293 0.0159764397107 -0.235801263466 -0.0489364299448 
Row: 254
0.175496688742 0.408505508591 -0.293206579791 0.171132541887 0.147175511948 
Row: 255
0.271813104648 -0.239402447584 0.143055513169 -0.36196478164 0.159199804682 
Row: 256
0.277886288034 0.27346110416 -0.461851863155 -0.428830835902 -0.253959776605 
Row: 257
-0.366328928495 -0.467589342936 0.256157109287 0.0100558488723 -0.0821100497452 
Row: 258
0.351313821833 0.0838190862758 -0.222159489731 -0.448362681967 -0.429807428205 
Row: 259
0.27169103061 0.0652943510239 -0.0180211798456 -0.135914181951 0.246604815821 
Row: 260
-0.263206884976 -0.31945249794 0.123218482009 -0.0777459028901 -0.201986754967 
Row: 261
-0.109241004669 0.336634418775 -0.326227607044 -0.403500473037 -0.349665822321 
Row: 262
-0.350642414624 -0.20882290109 -0.412869655446 0.120624408704 0.499877925962 
Row: 263
-0.30782494583 -0.18202764977 -0.246391186254 0.243430890835 -0.323694570757 
Row: 264
-0.206778160955 0.328272347179 0.168782616657 -0.498779259621 -0.13075655385 
Row: 265
0.387142551958 0.312768944365 -0.437498092593 -0.159657582324 0.104632709738 
Row: 266
-0.0192114017151 -0.0417645802179 -0.13017670217 0.118243964965 0.378109073153 
Row: 267
0.219565416425 0.423337504196 0.353755302591 0.258964812159 -0.0114902188177 
Row: 268
0.3602252266 0.376125370037 -0.000564592425306 0.424558244575 -0.16048158208 
Row: 269
0.296655171361 0.00038148136845 -0.379512924589 0.196493423261 -0.231650746178 
Row: 270
-0.173329874569 -0.190206610309 0.446073793756 0.100268562883 -0.0107577745903 
Row: 271
-0.354060487686 -0.430234687338 0.0222937711722 -0.22450941496 0.335352641377 
Row: 272
0.241782891324 0.131458479568 0.0353556932279 -0.0949278237251 0.150837733085 
Row: 273
-0.448606830042 0.328119754631 0.386593218787 -0.425778984954 -0.164296395764 
Row: 274
0.337275307474 0.196707052828 0.35964537492 -0.353267006439 -0.041001617481 
Row: 275
0.49707022309 -0.0282143620106 0.241203039644 -0.0293740653706 -0.186574907682 
Row: 276
-0.240318002869 0.293359172338 -0.314264351329 -0.304040650655 0.100695822016 
Row: 277
0.0876644184698 -0.498565630055 -0.298211615345 -0.422147282327 -0.388393810846 
Row: 278
-0.255149998474 0.481017487106 -0.153096102786 -0.419736320078 -0.275658436842 
Row: 279
0.247459334086 0.348628192999 -0.0763115329447 0.392422254097 0.415799432356 
Row: 280
-0.476622821741 -0.231467635121 -0.474150822474 -0.314752647481 -0.316187017426 
Row: 281
0.444975127415 -0.170003357036 0.35265663625 0.201986754967 -0.449736014893 
Row: 282
-0.127185888241 0.134479812006 0.167073580126 -0.399624622333 0.255424665059 
Row: 283
0.280388805811 0.170400097659 0.300469985046 -0.0746330149236 0.25890377514 
Row: 284
0.373287148656 -0.03407391583 0.0383770256661 -0.203390606403 -0.485595263527 
Row: 285
0.125141148106 0.275536362804 -0.447935422834 0.0132602923673 -0.165059358501 
Row: 286
0.0214697714164 0.205801568651 -0.175191503647 -0.259666737877 0.310388500626 
Row: 287
0.247459334086 0.203207495346 0.409634693442 -0.0542161320841 0.241630298776 
Row: 288
0.0293130283517 -0.0239722891934 -0.299737540819 -0.146595660268 -0.140736106449 
Row: 289
-0.382625812555 0.00178533280435 0.414792321543 0.349818414869 -0.0951109347819 
Row: 290
0.0121921445357 0.313562425611 0.217001861629 -0.447782830287 -0.494994964446 
Row: 291
-0.0144199957274 0.384243293558 -0.403622547075 0.447965941343 -0.208151493881 
Row: 292
0.476012451552 -0.458738975188 -0.303064058351 -0.438383129368 0.313684499649 
Row: 293
0.495574816126 -0.292352061525 0.0827204199347 -0.430661946471 -0.164082766198 
Row: 294
-0.329218420972 0.320490127262 0.234366893521 0.426938688314 -0.0222632526627 
Row: 295
-0.353755302591 0.0582140568255 -0.0713980529191 0.422147282327 -0.142719809565 
Row: 296
-0.38528092288 0.223502304147 0.0443891720328 0.268395031587 0.151264992218 
Row: 297
0.493896298105 0.0248268074587 -0.342524491104 -0.12257759331 -0.019394512772 
Row: 298
-0.468108157598 0.345912045656 -0.150593585009 -0.0449995422224 -0.0681936094241 
Row: 299
0.194387646107 0.106402783288 -0.0652333140049 0.265770439772 -0.203207495346 
Row: 300
0.215140232551 -0.324732200079 0.400814844203 -0.348109378338 -0.121173741874 
Row: 301
-0.0323343607898 -0.238975188452 -0.404690694906 -0.232963042085 -0.225486007263 
Row: 302
0.0450605792413 0.272179326762 0.222220526749 -0.264946440016 -0.164265877255 
Row: 303
-0.0678273873104 -0.000411999877926 -0.429654835658 -0.490752891629 0.32821131016 
Row: 304
-0.303552354503 0.420621356853 0.348902859584 -0.00038148136845 0.0273293252358 
Row: 305
-0.355250709555 0.270256660665 -0.278466139714 -0.39925840022 0.114886928922 
Row: 306
0.0640430921354 0.401638843959 0.354670857875 -0.464659566027 -0.437223426008 
Row: 307
0.204947050386 0.305810724204 -0.180806909391 -0.362605670339 0.189138462477 
Row: 308
-0.22975859859 0.0518662068545 0.430356761376 0.230033265175 -0.289361247597 
Row: 309
0.0745109408856 -0.268852809229 -0.479949339274 0.366664632099 0.21752067629 
Row: 310
-0.0991088595233 0.419888912626 -0.175069429609 0.215445417646 0.251731925413 
Row: 311
-0.0553453169347 -0.315271462142 -0.164601580859 0.287682729575 -0.333246864223 
Row: 312
0.475676747948 0.249046296579 -0.286889248329 0.315424054689 -0.0167088839381 
Row: 313
-0.319940794092 -0.384975737785 -0.145161290323 0.13948484756 0.358699301126 
Row: 314
-0.274803918577 0.322412793359 -0.366542558061 0.313592944121 0.169087801752 
Row: 315
0.20763267922 -0.100421155431 0.0331888790551 -0.393154698325 -0.346613971374 
Row: 316
-0.361507003998 -0.472685934019 0.173604541154 0.260856959746 -0.472289193396 
Row: 317
-0.179525131993 0.124408703879 -0.221060823389 0.278008362072 0.408047730949 
Row: 318
-0.409207434309 0.460020752586 -0.308679464095 -0.293420209357 0.354853968932 
Row: 319
0.362636188849 -0.122363963744 0.0295571764275 0.0470137638478 0.383053071688 
Row: 320
0.285454878384 0.119617297891 -0.325922421949 0.296227912229 -0.296380504776 
Row: 321
-0.231040375988 -0.116443372906 -0.411984618671 -0.110156559954 -0.441434980316 
Row: 322
-0.129657887509 0.359706411939 -0.0176854762413 0.248100222785 0.332544938505 
Row: 323
0.0857417523728 0.351039155248 -0.152760399182 0.382259590442 -0.493408001953 
Row: 324
0.0446028015992 -0.0999938962981 -0.182454908902 0.437437055574 0.489226966155 
Row: 325
0.0132297738578 -0.337733085116 -0.226004821924 -0.404446546831 0.160267952513 
Row: 326
0.379512924589 0.477355265969 -0.0695669423505 -0.208304086428 -0.334986419263 
Row: 327
-0.182180242317 0.108905301065 0.283440656758 0.227378154851 -0.339472640156 
Row: 328
0.0635242774743 -0.245597705008 0.460325937681 0.0728629413739 0.346644489883 
Row: 329
-0.215598010193 0.414090395825 0.0354472487564 0.122211371197 0.0635853144932 
Row: 330
-0.02824488052 -0.461973937193 0.00340281380657 -0.495086519974 -0.362880336924 
Row: 331
-0.158558915983 0.392025513474 -0.149220252083 -0.160206915494 0.186483352153 
Row: 332
0.476195562609 0.30486465041 0.164479506821 -0.268303476058 -0.457548753319 
Row: 333
0.220816675314 0.410092471084 0.000747703482162 -0.241264076662 0.378749961852 
Row: 334
-0.114673299356 -0.379268776513 0.0839411603137 -0.119281594287 -0.153248695334 
Row: 335
-0.367061372723 0.461180455947 0.197012237922 0.485839411603 0.157032990509 
Row: 336
-0.0500961333048 0.393581957457 0.370754112369 -0.310083315531 -0.0455793939024 
Row: 337
0.0726187932981 -0.250053407392 -0.179250465407 0.203695791498 0.0574205755791 
Row: 338
-0.377040925321 -0.35671559801 -0.360164189581 0.352259895627 -0.0147862178411 
Row: 339
-0.353602710044 -0.129200109867 0.409237952818 0.152729880673 0.364803003021 
Row: 340
0.343775749992 0.232871486557 -0.426541947691 -0.429593798639 -0.104297006134 
Row: 341
0.3537858211 0.0308999908444 0.286339915159 -0.163136692404 0.20299386578 
Row: 342
-0.353328043458 0.403958250679 0.224021118809 -0.0824762718589 -0.411770989105 
Row: 343
0.185110019227 0.478942228462 0.10921048616 -0.112262337107 0.430326242866 
Row: 344
0.00944547868282 -0.372493667409 0.27867976928 -0.406155583361 -0.0118259224219 
Row: 345
-0.152394177068 0.456236457411 -0.372096926786 -0.0540330210273 -0.484649189734 
Row: 346
-0.332392345958 -0.164052247688 0.335932493057 -0.320001831111 0.039139988403 
Row: 347
-0.482360301523 -0.275414288766 -0.253929258095 -0.454832605976 -0.314447462386 
Row: 348
-0.233970152898 0.17558824427 0.0267494735557 -0.36428418836 -0.384334849086 
Row: 349
-0.128009887997 0.16451002533 -0.347193823054 -0.0604724265267 -0.222952970977 
Row: 350
-0.186574907682 -0.368739890744 0.175771355327 -0.288323618274 -0.395016327403 
Row: 351
-0.106067079684 0.204062013611 -0.00767540513321 0.223227637562 -0.0110324411756 
Row: 352
0.079729606006 -0.146107364116 0.260673848689 -0.253471480453 -0.0115817743461 
Row: 353
0.210715048677 0.0608691671499 0.376705221717 0.0777153843806 -0.213644825587 
Row: 354
0.453367717521 -0.110522782067 0.322138126774 0.144367809076 -0.212576677755 
Row: 355
-0.381710257271 0.077288125248 -0.350184636982 0.171102023377 0.128376110111 
Row: 356
0.480010376293 -0.105243079928 0.32119205298 0.291100802637 0.35030671102 
Row: 357
-0.383144627216 -0.0687429425947 -0.194509720145 -0.248466444899 -0.355891598254 
Row: 358
-0.0367900631733 -0.0514389477218 -0.134907071139 -0.104205450606 -0.231009857479 
Row: 359
-0.164998321482 0.335627307962 -0.0283669545579 0.448515274514 -0.0318460646382 
Row: 360
-0.256584368419 0.359706411939 0.350367748039 0.363216040529 0.359889522996 
Row: 361
-0.204916531877 0.121356852931 0.0237586596271 -0.15752128666 -0.199911496323 
Row: 362
0.210776085696 0.0534836878567 0.0253761406293 -0.0628223517563 0.236442152165 
Row: 363
0.183400982696 0.462065492721 -0.193868831446 0.118060853908 -0.00328073976867 
Row: 364
-0.123950926237 0.316858424635 0.384517960143 -0.368037965026 0.176351207007 
Row: 365
0.268272957549 -0.438993499557 0.246208075198 0.193227942747 -0.234214300974 
Row: 366
0.0430768761254 0.0188451796014 -0.208761864071 -0.492736594745 0.362453077792 
Row: 367
-0.0219885860775 -0.484740745262 0.469878231147 0.252372814112 0.430478835414 
Row: 368
0.426175725578 0.0281228064821 0.417600024415 0.276024658956 0.281975768303 
Row: 369
0.0353862117374 0.415921506394 -0.0118259224219 -0.278832361827 -0.101092562639 
Row: 370
-0.442716757714 -0.457945493942 -0.395870845668 0.180715353862 0.226554155095 
Row: 371
0.0706656086917 0.168996246223 -0.245262001404 -0.463591418195 -0.468871120334 
Row: 372
0.158192693869 0.052415540025 -0.283074434645 0.161763359478 -0.427976317637 
Row: 373
0.426664021729 0.14708395642 0.0115817743461 0.205557420576 0.166920987579 
Row: 374
0.435605945006 0.323084200568 -0.375545518357 0.195486312449 0.456816309091 
Row: 375
0.0501571703238 -0.262688070315 -0.023239844966 -0.25246436964 0.291619617298 
Row: 376
-0.380855739006 -0.329187902463 0.171987060152 -0.0777459028901 -0.256279183325 
Row: 377
0.0620899075289 0.260093997009 0.2024140141 0.27983947264 0.294946134831 
Row: 378
0.12611774041 -0.352961821345 -0.391354106265 -0.053056428724 0.37362285226 
Row: 379
-0.0637379070406 -0.282097842341 0.471587267678 -0.107043671987 0.1476638081 
Row: 380
-0.370815149388 -0.459196752831 -0.0425580614643 0.0924253059481 -0.485198522904 
Row: 381
0.320001831111 -0.475035859249 0.0362407300027 -0.339777825251 0.204947050386 
Row: 382
0.150502029481 -0.413937803278 -0.0712759788812 0.053758354442 0.416562395093 
Row: 383
0.0242469557787 -0.116138187811 0.443723868526 0.287163914914 -0.128864406262 
Row: 384
0.22682882168 -0.0152439954833 0.292229987487 -0.0424970244453 -0.295983764153 
Row: 385
0.221182897427 -0.0520187994018 -0.212088381603 0.142170476394 0.152058473464 
Row: 386
0.32006286813 0.476409192175 -0.234061708426 -0.0976439710685 0.135547959838 
Row: 387
0.0356608783227 0.455809198279 -0.4243140965 0.349879451888 0.301019318216 
Row: 388
0.100756859035 -0.180318613239 -0.424771874142 0.270317697684 -0.296197393719 
Row: 389
0.135853144932 0.276543473617 0.141285439619 0.394985808893 0.46444593646 
Row: 390
0.140980254524 -0.172841578417 0.00926236762597 0.0764336069826 -0.471831415754 
Row: 391
0.232261116367 0.385036774804 0.303033539842 0.406033509323 0.0684682760094 
Row: 392
0.0393536179693 0.134327219459 -0.320398571734 0.494109927671 0.376827295755 
Row: 393
0.218588824122 0.318750572222 0.356105227821 0.087359233375 0.292962431715 
Row: 394
0.190542313913 0.317285683767 -0.10979033784 -0.422818689535 0.00346385082553 
Row: 395
-0.350795007172 0.279595324564 0.161458174383 0.26879177221 -0.0271767326884 
Row: 396
0.428647724845 -0.0805536057619 -0.313928647725 -0.273033845027 -0.0923032319102 
Row: 397
-0.0215613269448 -0.141376995148 -0.35265663625 0.373561815241 0.276757103183 
Row: 398
-0.254905850398 0.0360271004364 -0.114642780847 0.240928373058 -0.245902890103 
Row: 399
0.10335093234 0.00398266548662 0.112750633259 -0.112811670278 0.163411358989 
Row: 400
0.330591753899 -0.0416730246895 -0.162739951781 -0.0357524338511 -0.358912930692 
Row: 401
-0.110217596973 0.448088015381 -0.0659962767418 0.272576067385 -0.468779564806 
Row: 402
0.441434980316 -0.375484481338 -0.082293160802 0.260185552538 -0.181783501694 
Row: 403
0.133259071627 0.483855708487 0.25539414655 -0.160512100589 -0.214957121494 
Row: 404
0.172780541398 -0.117175817133 -0.00621051667837 -0.145100253304 0.437253944517 
Row: 405
0.450621051668 -0.142780846583 -0.38698995941 -0.0290383617664 -0.135547959838 
Row: 406
0.252281258583 0.473479415265 0.387936033204 0.214651936399 -0.388454847865 
Row: 407
-0.472716452528 -0.252769554735 -0.173970763268 -0.0467390972625 0.242088076418 
Row: 408
-0.419583727531 -0.197927793207 0.373775444807 -0.391598254341 -0.42370372631 
Row: 409
-0.405728324229 0.464384899442 -0.484954374828 -0.419248023927 -0.371700186163 
Row: 410
-0.442106387524 -0.366145817438 0.0671254615925 -0.482024597919 0.211874752037 
Row: 411
-0.404416028321 -0.266685995056 -0.1016113773 -0.166035950804 -0.261833552049 
Row: 412
0.382534257027 0.409451582385 -0.143421735282 0.208334604938 -0.257042146062 
Row: 413
-0.139057588427 0.366237372967 -0.301934873501 0.383724478896 0.110827967162 
Row: 414
-0.405514694662 -0.402890102847 0.382137516404 -0.312891018403 0.176473281045 
Row: 415
-0.157338175604 -0.100207525864 -0.314325388348 -0.417203283792 0.247642445143 
Row: 416
0.322717978454 -0.0256202887051 -0.367702261422 -0.411404766991 0.122272408216 
Row: 417
0.235190893277 0.490447706534 0.23497726371 0.093188268685 -0.124469740898 
Row: 418
0.0605639820551 -0.399868770409 0.124591814936 0.339777825251 0.174001281777 
Row: 419
0.196432386242 0.160664693136 -0.147389141514 0.485290078433 -0.425504318369 
Row: 420
-0.493255409406 0.125263222144 0.478484450819 -0.0709097567675 0.137867366558 
Row: 421
0.0557115390484 0.491302224799 -0.348231452376 0.164784691916 -0.045487838374 
Row: 422
0.163014618366 -0.3876003296 0.115161595508 0.32702108829 0.212363048189 
Row: 423
0.450254829554 0.185140537736 -0.256309701834 -0.0482039857173 -0.343958861049 
Row: 424
0.117664113285 -0.170491653188 0.444456312754 -0.27346110416 -0.135547959838 
Row: 425
-0.096270638142 -0.2903378399 0.172353282266 -0.312891018403 0.301171910764 
Row: 426
-0.115985595264 -0.339289529099 -0.146015808588 -0.0933103427229 -0.256920072024 
Row: 427
0.0741142002625 -0.41091647084 -0.066454054384 0.491424298837 -0.233603930784 
Row: 428
0.429136020997 0.477233191931 0.225760673849 -0.202810754723 -0.355067598498 
Row: 429
-0.124073000275 -0.0210730307932 0.426145207068 -0.116107669301 0.408963286233 
Row: 430
-0.250511185034 -0.351832636494 -0.311181981872 0.364162114322 0.424344615009 
Row: 431
0.051194799646 0.050553910947 0.00584429456465 -1.5259254738e-005 -0.223014007996 
Row: 432
-0.350276192511 0.474456007569 0.00895718253121 -0.132892849513 -0.0558336130863 
Row: 433
0.148701437422 -0.442442091128 -0.225302896207 -0.241477706229 -0.497558519242 
Row: 434
-0.118915372173 0.323603015229 -0.468077639088 -0.0135349589526 -0.176961577197 
Row: 435
-0.104052858058 -0.119953001495 -0.0329142124699 0.144215216529 0.129718924528 
Row: 436
-0.372035889767 0.252708517716 0.0683462019715 -0.0931577501755 -0.0299844355602 
Row: 437
0.239402447584 -0.0297708059938 -0.0858333079012 -0.0873287148656 0.206961272011 
Row: 438
-0.387478255562 -0.442564165166 -0.342890713218 -0.203482161931 -0.162099063082 
Row: 439
-0.489654225288 0.0773186437574 0.201193273721 0.122333445235 -0.320551164281 
Row: 440
-0.0498825037385 0.100604266488 -0.103991821039 -0.133533738212 0.0935850093081 
Row: 441
-0.128833887753 0.0381023590808 -0.0910519730216 0.0697500534074 0.102679525132 
Row: 442
0.451597643971 -0.419186986908 -0.391964476455 -0.0470748008667 0.124439222388 
Row: 443
0.0339213232826 0.405819879757 0.371547593616 -0.416653950621 0.0618457594531 
Row: 444
0.461790826136 -0.275963621937 0.146229438154 -0.0329142124699 -0.400784325694 
Row: 445
-0.15227210303 -0.120105594043 0.313318277535 0.334803308206 0.0702078310495 
Row: 446
-0.330927457503 0.343379009369 -0.250938444166 0.222373119297 0.302972502823 
Row: 447
0.344569231239 -0.484344004639 0.176503799554 -0.0145725882748 -0.257347331156 
Row: 448
-0.255455183569 -0.0588854640339 0.175740836818 0.205465865047 -0.203970458083 
Row: 449
-0.156178472243 0.16508987701 -0.462553788873 -0.277977843562 -0.166920987579 
Row: 450
0.29616687521 -0.35323648793 0.49011200293 0.430448316904 0.231162450026 
Row: 451
0.365565965758 -0.352839747307 0.364619891964 0.175191503647 0.405209509568 
Row: 452
-0.420896023438 0.418149357585 0.460783715323 0.227591784417 0.0218665120396 
Row: 453
-0.481627857295 0.400051881466 0.113544114505 -0.0189062166204 -0.396176030763 
Row: 454
-0.189199499496 0.209830011902 -0.283776360363 0.297173986023 0.122547074801 
Row: 455
-0.164113284707 -0.0548570207831 -0.0840632343516 0.468840601825 -0.168263801996 
Row: 456
-0.0742057557909 -0.147236548967 -0.32763145848 0.227805413984 -0.428891872921 
Row: 457
-0.144337290567 -0.471282082583 0.0186620685446 0.253349406415 0.240012817774 
Row: 458
0.295342875454 0.321344645528 0.454100161748 -0.436429944761 -0.208456678976 
Row: 459
-0.300469985046 -0.0838496047853 -0.204489272744 0.0166173284097 -0.0646229438154 
Row: 460
0.453917050691 -0.489135410627 -0.308771019623 0.0294351023896 0.0778069399091 
Row: 461
0.141712698752 -0.370815149388 -0.289330729087 -0.410275582141 -0.184072389904 
Row: 462
0.345515305033 0.23732718894 0.305383465072 -0.18434705649 -0.19304483169 
Row: 463
-0.230002746666 0.0595873897519 0.185537278359 -0.268425550096 0.0985900448622 
Row: 464
0.151417584765 -0.477019562365 0.343104342784 0.00343333231605 0.384762108219 
Row: 465
0.48138370922 -0.0131382183294 0.0329447309793 -0.139088106937 0.0169225135044 
Row: 466
-0.486724448378 -0.0216834009827 -0.320490127262 -0.0884273812067 -0.165059358501 
Row: 467
-0.17323831904 0.20354319895 -0.398037659841 -0.4359111301 0.474578081606 
Row: 468
0.0455488753929 -0.153187658315 0.136188848537 -0.0189977721488 0.430387279885 
Row: 469
0.2629627369 0.326166570025 -0.355250709555 0.0914792321543 0.262047181616 
Row: 470
-0.436460463271 -0.316309091464 0.356227301859 0.418912320322 -0.0474715414899 
Row: 471
-0.20064394055 -0.422605059969 -0.197347941527 0.403439436018 0.407712027345 
Row: 472
-0.43362224189 0.302026429029 -0.21813104648 -0.183217871639 0.184499649037 
Row: 473
0.476012451552 0.481475264748 0.133289590136 -0.251060518204 -0.0385906552324 
Row: 474
0.326899014252 0.178579058199 0.409451582385 -0.0321817682424 0.213156529435 
Row: 475
0.195883053072 0.151661732841 -0.107806634724 0.387417218543 -0.370387890255 
Row: 476
-0.415982543413 -0.416501358074 -0.220236823634 -0.24141666921 0.16393017365 
Row: 477
0.289300210578 0.288903469955 0.46331675161 0.0196081423383 -0.185262611774 
Row: 478
0.429197058016 -0.0900143436995 0.0239722891934 -0.0736564226203 0.24550614948 
Row: 479
0.431516464736 0.276757103183 -0.469359416486 -0.0984984893338 0.386776329844 
Row: 480
-0.34917752617 -0.340327158422 -0.151539658803 0.280022583697 -0.440366832484 
Row: 481
-0.205587939085 -0.020035401471 -0.0787835322123 -0.398770104068 -0.442869350261 
Row: 482
-0.320551164281 -0.0915402691733 0.235740226447 0.304528946806 0.166646320994 
Row: 483
0.214133121738 0.151936399426 -0.34801782281 0.0487533188879 0.155629139073 
Row: 484
0.480162968841 0.461272011475 0.483306375317 -0.467741935484 -0.49359111301 
Row: 485
0.321893978698 -0.141529587695 0.209463789789 0.0453352458266 0.058183538316 
Row: 486
0.397122104556 -0.0688650166326 0.127155369732 0.292809839167 -0.408993804743 
Row: 487
-0.357631153294 0.155568102054 -0.401699880978 -0.128528702658 0.102587969604 
Row: 488
0.192526017029 0.267784661397 0.422299874874 0.0713370159001 -0.473693044832 
Row: 489
0.235770744957 -0.458220160527 -0.152577288125 0.178914761803 0.181051057466 
Row: 490
0.459868160039 0.442991424299 -0.490936002686 0.342066713462 0.0162205877865 
Row: 491
0.173207800531 -0.432340464492 0.0767387920774 0.106433301798 -0.0561693166906 
Row: 492
0.360683004242 -0.30254524369 0.301538132878 0.0167088839381 -0.322809533982 
Row: 493
-0.387112033448 -0.452055421613 -0.464568010498 -0.362178411206 0.307519760735 
Row: 494
0.353755302591 -0.408200323496 -0.379970702231 0.190420239875 0.367091891232 
Row: 495
0.114581743828 -0.283227027192 -0.155629139073 -0.245933408612 0.361903744621 
Row: 496
0.3847010712 -0.293206579791 0.281273842586 0.298272652364 0.437742240669 
Row: 497
-0.286767174291 -0.490356151006 -0.362300485244 0.0428937650685 -0.0647450178533 
Row: 498
0.00617999816889 -0.165913876766 -0.125659962767 -0.256309701834 -0.0207678456984 
Row: 499
-0.20003357036 0.0815301980651 -0.471556749168 0.243949705496 -0.364741966002 
